0.35376
0.35484
0.35605
0.35173
0.35329
0.34657
0.3456
0.33947
0.34079
0.33781
0.3345
0.3217
0.31983
0.32313
0.32349
0.31752
0.30942
0.30965
0.30198
0.29922
0.29479
0.2863
0.28822
0.29061
0.28354
0.27928
0.27286
0.27371
0.25646
0.26583
0.24646
0.3515
0.3469
0.35068
0.34588
0.35089
0.34274
0.34206
0.33475
0.33691
0.33635
0.3288
0.32089
0.31518
0.31933
0.318
0.31551
0.30766
0.3079
0.29927
0.29633
0.29113
0.28456
0.2888
0.29191
0.28033
0.27892
0.27234
0.27474
0.25125
0.26505
0.2478
0.34337
0.33881
0.34505
0.34031
0.34052
0.33944
0.33944
0.33429
0.32883
0.33199
0.3279
0.32231
0.31474
0.31629
0.31575
0.31275
0.30577
0.30079
0.29284
0.29242
0.28821
0.28709
0.28582
0.28948
0.27927
0.27802
0.27215
0.27079
0.25395
0.26358
0.24356
0.33663
0.3272
0.33947
0.33079
0.33476
0.3318
0.33319
0.31807
0.32332
0.32471
0.32066
0.31639
0.31101
0.31194
0.3091
0.30742
0.30219
0.29706
0.28595
0.28138
0.27379
0.27989
0.27933
0.28766
0.28274
0.27729
0.27043
0.27344
0.25653
0.26186
0.24232
0.32813
0.32552
0.33225
0.32461
0.33004
0.32628
0.32568
0.32267
0.32123
0.32091
0.31657
0.30409
0.31134
0.31075
0.30678
0.30453
0.29852
0.29146
0.27324
0.26551
0.26046
0.27339
0.27819
0.28756
0.28466
0.27702
0.26964
0.27264
0.25568
0.26116
0.23348
0.32177
0.32098
0.32545
0.32016
0.32414
0.32339
0.32067
0.31376
0.31496
0.31447
0.31371
0.31138
0.30402
0.30753
0.30311
0.29984
0.29277
0.28276
0.26203
0.2509
0.25218
0.26565
0.2683
0.2844
0.28387
0.27732
0.26782
0.26927
0.24526
0.25413
0.2262
0.31475
0.31484
0.31807
0.31334
0.3167
0.31485
0.31144
0.30904
0.30733
0.30611
0.30448
0.30439
0.30103
0.3041
0.29506
0.29617
0.28565
0.27806
0.25765
0.24476
0.25584
0.26891
0.26266
0.27958
0.28159
0.27708
0.26697
0.26631
0.23989
0.25231
0.22464
0.30898
0.30846
0.3103
0.30733
0.31091
0.30766
0.30435
0.29869
0.29632
0.29456
0.29812
0.29789
0.29515
0.29965
0.29639
0.29504
0.27107
0.2637
0.24964
0.24019
0.24985
0.2645
0.25505
0.27864
0.27681
0.26998
0.25888
0.26329
0.23581
0.24408
0.21969
0.30336
0.30215
0.3052
0.30072
0.30387
0.30029
0.30072
0.29416
0.29531
0.29204
0.29584
0.29518
0.29354
0.29438
0.29156
0.28944
0.26383
0.25471
0.24263
0.24409
0.25845
0.26571
0.2524
0.27909
0.27223
0.26341
0.2539
0.2606
0.2346
0.2417
0.22424
0.29746
0.29776
0.29729
0.29167
0.2961
0.29337
0.29499
0.29298
0.29409
0.29173
0.29053
0.29363
0.2894
0.29165
0.29012
0.28698
0.26439
0.25975
0.25003
0.2505
0.25442
0.26127
0.26587
0.28128
0.27227
0.26226
0.25226
0.25733
0.23192
0.24137
0.23423
0.28949
0.28966
0.2919
0.27762
0.28672
0.28433
0.28896
0.28517
0.29146
0.28823
0.28691
0.2906
0.28846
0.28825
0.28777
0.2839
0.26147
0.26374
0.25966
0.2576
0.26188
0.27281
0.2741
0.28139
0.27294
0.26467
0.26196
0.25924
0.23048
0.24012
0.23386
0.28303
0.28092
0.28476
0.27305
0.28368
0.27993
0.28601
0.28395
0.28831
0.28531
0.28488
0.28535
0.28486
0.28524
0.28375
0.28226
0.2722
0.27584
0.27249
0.26679
0.27729
0.27882
0.27621
0.281
0.27435
0.26907
0.26344
0.26037
0.2344
0.2422
0.23668
0.27655
0.27223
0.27368
0.27324
0.27784
0.27506
0.28202
0.28056
0.28563
0.27786
0.2804
0.27872
0.28207
0.2803
0.28065
0.28171
0.27774
0.27978
0.27626
0.27459
0.27906
0.28226
0.27804
0.27833
0.27409
0.26715
0.2606
0.26038
0.23647
0.24401
0.23905
0.27012
0.26986
0.27118
0.27252
0.26397
0.26528
0.27897
0.27669
0.27922
0.27722
0.27659
0.27337
0.27339
0.27906
0.28105
0.2824
0.2784
0.28258
0.27994
0.2789
0.27915
0.28065
0.27488
0.27767
0.27294
0.26391
0.26236
0.26297
0.23863
0.24427
0.23882
0.27078
0.27007
0.27173
0.27298
0.2496
0.24428
0.27617
0.27353
0.27837
0.27134
0.26711
0.26581
0.26782
0.27487
0.27684
0.28065
0.27969
0.2813
0.28349
0.28379
0.2785
0.27728
0.27086
0.2751
0.26874
0.26512
0.26226
0.26197
0.23362
0.24293
0.23567
0.26664
0.26699
0.26972
0.268
0.27026
0.26799
0.26699
0.26366
0.2745
0.25617
0.24985
0.25478
0.26201
0.2721
0.27465
0.278
0.2788
0.28022
0.2815
0.28176
0.27673
0.27796
0.27213
0.27572
0.26864
0.26255
0.25845
0.25955
0.24254
0.24283
0.23329
0.26424
0.26864
0.26715
0.26535
0.26558
0.26118
0.25347
0.2547
0.25678
0.24266
0.23472
0.2424
0.24585
0.25981
0.26615
0.27453
0.2783
0.27818
0.28027
0.28027
0.27455
0.27669
0.26996
0.27539
0.26741
0.2608
0.25534
0.2568
0.241
0.2423
0.23223
0.25893
0.2648
0.26237
0.2617
0.25909
0.24368
0.24348
0.24295
0.24469
0.23732
0.23141
0.23959
0.23779
0.24527
0.25357
0.26636
0.27449
0.27448
0.27594
0.27891
0.272
0.27409
0.26792
0.27569
0.26942
0.25684
0.25661
0.25625
0.24127
0.24139
0.23207
0.25312
0.25439
0.25507
0.24709
0.24531
0.23213
0.23135
0.22959
0.23918
0.23551
0.22551
0.23709
0.24408
0.24234
0.24109
0.25536
0.26849
0.27364
0.27331
0.27701
0.27392
0.27456
0.26706
0.26944
0.26533
0.25671
0.25501
0.2559
0.24463
0.2415
0.22597
0.2476
0.24263
0.24242
0.24001
0.23972
0.21896
0.21928
0.21956
0.23615
0.23317
0.2247
0.23111
0.23962
0.24459
0.24418
0.25119
0.2657
0.27133
0.26827
0.27378
0.27493
0.26914
0.26294
0.26781
0.26194
0.25594
0.25313
0.25272
0.23867
0.23743
0.22033
0.23949
0.23312
0.2377
0.23662
0.22942
0.21352
0.2151
0.21715
0.24037
0.23327
0.23686
0.22555
0.22699
0.23463
0.24241
0.25041
0.26471
0.2653
0.2626
0.26808
0.26823
0.26288
0.25439
0.2644
0.25859
0.25339
0.25429
0.25179
0.23447
0.23296
0.21508
0.22491
0.22351
0.21294
0.22566
0.22461
0.20656
0.2126
0.20619
0.23978
0.23018
0.23525
0.22458
0.22229
0.23195
0.24139
0.24996
0.25946
0.26256
0.25914
0.2618
0.26385
0.25991
0.24821
0.26169
0.25489
0.25225
0.24881
0.24788
0.23186
0.22966
0.2119
0.23567
0.22554
0.20811
0.18527
0.21191
0.20318
0.21363
0.20611
0.23612
0.23006
0.23017
0.22658
0.21697
0.2301
0.2363
0.24976
0.25508
0.25907
0.25771
0.25506
0.26092
0.25104
0.23999
0.25749
0.25255
0.24831
0.24605
0.24333
0.23081
0.22658
0.2041
0.23943
0.23606
0.23668
0.21687
0.22088
0.21342
0.21791
0.22133
0.23705
0.23125
0.22931
0.22766
0.22449
0.22821
0.23473
0.24747
0.25418
0.25939
0.25662
0.25599
0.26028
0.25004
0.23976
0.25312
0.24699
0.24386
0.24061
0.23965
0.22409
0.21921
0.19775
0.17995
0.2327
0.24472
0.22927
0.22445
0.21369
0.22427
0.22092
0.2392
0.23188
0.22371
0.23035
0.2297
0.23284
0.23613
0.24191
0.25526
0.25456
0.26133
0.25518
0.2525
0.24612
0.2443
0.25138
0.24202
0.23962
0.23673
0.23603
0.21375
0.20837
0.18175
0.16308
0.19132
0.23367
0.23266
0.23453
0.22281
0.23052
0.2255
0.23777
0.23067
0.22382
0.22759
0.22862
0.2331
0.23534
0.23891
0.25254
0.24625
0.2525
0.25282
0.2513
0.23868
0.2397
0.24273
0.23778
0.238
0.23281
0.23093
0.19937
0.19891
0.16656
0.18035
0.17365
0.21057
0.23575
0.24046
0.23047
0.23545
0.23214
0.24373
0.23069
0.22247
0.23188
0.22816
0.23221
0.23417
0.23936
0.24067
0.24163
0.24822
0.25081
0.24663
0.23017
0.22877
0.23775
0.23519
0.23226
0.2232
0.22669
0.19767
0.19863
0.162
0.19073
0.17018
0.1952
0.21856
0.2461
0.24271
0.23753
0.23269
0.24562
0.23956
0.22634
0.23383
0.23631
0.24304
0.23812
0.24373
0.23801
0.24444
0.24924
0.25375
0.24698
0.23017
0.21635
0.23303
0.23231
0.22841
0.21383
0.21895
0.19075
0.19171
0.16451
0.18545
0.19035
0.19842
0.22087
0.24415
0.24028
0.23865
0.2481
0.24872
0.23677
0.22721
0.24317
0.23832
0.24457
0.2386
0.23876
0.23504
0.24429
0.24607
0.2495
0.24913
0.23321
0.22529
0.23386
0.23156
0.22842
0.21259
0.21927
0.19594
0.19946
0.16792
0.18547
0.19353
0.19837
0.19728
0.24313
0.22872
0.2439
0.24924
0.24181
0.23304
0.2167
0.22738
0.21478
0.22452
0.21925
0.22699
0.21956
0.23741
0.24005
0.24382
0.24029
0.22079
0.20724
0.22514
0.21672
0.21772
0.20865
0.21456
0.18359
0.19678
0.15249
0.16862
0.20705
0.22288
0.21042
0.24315
0.22514
0.24985
0.24848
0.25404
0.22454
0.21743
0.22925
0.21386
0.23809
0.22672
0.22225
0.23075
0.23109
0.23727
0.24316
0.23844
0.22614
0.20396
0.22001
0.2019
0.21635
0.2057
0.20809
0.1658
0.18709
0.1447
0.16515
0.21933
0.21373
0.21238
0.24611
0.23523
0.25311
0.25003
0.25505
0.22259
0.22419
0.22737
0.23658
0.24679
0.23819
0.22498
0.22211
0.22417
0.2304
0.24001
0.22986
0.22784
0.21395
0.22089
0.18447
0.21193
0.19575
0.20313
0.14374
0.17638
0.14006
0.14881
0.16193
0.19741
0.21765
0.241
0.22366
0.24134
0.23865
0.24037
0.2156
0.22814
0.21153
0.21656
0.22754
0.21985
0.2035
0.18805
0.18872
0.19081
0.20275
0.20023
0.18576
0.17998
0.17454
0.15117
0.1629
0.15212
0.1661
0.11843
0.13943
0.11616
0.14836
0.15107
0.17005
0.21639
0.23463
0.19383
0.23052
0.22676
0.23568
0.22009
0.21089
0.20561
0.21405
0.20964
0.19935
0.18944
0.16438
0.17024
0.16965
0.175
0.17823
0.1602
0.14698
0.14392
0.13552
0.12755
0.11944
0.12227
0.10661
0.1069
0.098792
0.15265
0.18022
0.19172
0.24519
0.24117
0.20446
0.23167
0.23084
0.22947
0.22358
0.21587
0.23081
0.2343
0.20819
0.20556
0.20172
0.16547
0.19217
0.1744
0.18012
0.18978
0.15839
0.13852
0.14274
0.12732
0.13507
0.14405
0.1498
0.11152
0.12599
0.10705
0.15477
0.17129
0.16906
0.23222
0.22707
0.18869
0.20774
0.19794
0.19185
0.19886
0.19723
0.22052
0.23153
0.16137
0.20565
0.18954
0.17534
0.18985
0.17366
0.17286
0.16156
0.13805
0.13329
0.13238
0.12838
0.13846
0.14581
0.15994
0.13144
0.12467
0.10653
0.15779
0.17517
0.169
0.21155
0.22892
0.21311
0.23129
0.20943
0.23314
0.22396
0.21548
0.21639
0.23036
0.16646
0.19507
0.17959
0.18362
0.19188
0.18167
0.19229
0.1533
0.14082
0.12635
0.13862
0.12803
0.14447
0.13426
0.1549
0.1242
0.12262
0.096461
