0.42426
0.42257
0.42002
0.41324
0.41374
0.41198
0.40888
0.40421
0.40141
0.39776
0.39771
0.40045
0.40671
0.40531
0.40105
0.3966
0.39167
0.39135
0.3806
0.38017
0.37768
0.36137
0.35023
0.35893
0.35765
0.36123
0.35858
0.35499
0.3385
0.34066
0.32681
0.42136
0.41005
0.41598
0.4076
0.40724
0.40629
0.40406
0.4006
0.39963
0.39786
0.3964
0.39903
0.40014
0.39647
0.3982
0.39538
0.38768
0.39049
0.38256
0.38186
0.37735
0.36063
0.35199
0.35945
0.35873
0.3604
0.35419
0.35161
0.33502
0.33963
0.32575
0.40966
0.40272
0.40706
0.40299
0.4018
0.40083
0.4007
0.39665
0.39225
0.39537
0.39553
0.39172
0.38645
0.39016
0.39606
0.39021
0.38661
0.38839
0.38007
0.37942
0.37537
0.36414
0.35884
0.3653
0.35752
0.35844
0.35315
0.34979
0.33283
0.33476
0.3228
0.4012
0.39264
0.39996
0.39511
0.3957
0.39346
0.39372
0.38623
0.39103
0.38892
0.38663
0.37607
0.37312
0.37881
0.38576
0.38334
0.38303
0.38339
0.37365
0.37334
0.37216
0.36074
0.3586
0.36224
0.35815
0.35474
0.35053
0.3498
0.33449
0.33221
0.32024
0.39221
0.39162
0.39234
0.38958
0.38973
0.38772
0.38734
0.38328
0.38591
0.38271
0.37621
0.36406
0.37305
0.37486
0.37793
0.37921
0.37746
0.38077
0.36617
0.36551
0.36511
0.3617
0.36024
0.35807
0.3569
0.35516
0.35124
0.34913
0.33079
0.32984
0.30528
0.38226
0.38612
0.38499
0.38098
0.38188
0.38097
0.38412
0.38165
0.38058
0.37519
0.36569
0.36065
0.36803
0.36936
0.37132
0.37379
0.37481
0.37443
0.36227
0.35498
0.3563
0.35894
0.35773
0.35991
0.3544
0.35385
0.34874
0.34672
0.3235
0.3251
0.29792
0.37376
0.37783
0.37632
0.37427
0.37327
0.37699
0.37573
0.37419
0.36507
0.36536
0.36089
0.35354
0.36404
0.36483
0.36361
0.3698
0.36776
0.36819
0.35712
0.34726
0.35413
0.35722
0.35307
0.35564
0.35431
0.35219
0.34742
0.34227
0.31644
0.32328
0.29065
0.36667
0.37016
0.36854
0.36694
0.37121
0.37152
0.36758
0.36155
0.35512
0.36003
0.3584
0.3577
0.35833
0.36183
0.36448
0.374
0.36074
0.36098
0.35151
0.34348
0.35005
0.35284
0.34592
0.35266
0.3523
0.35129
0.34312
0.34082
0.31255
0.31839
0.28374
0.35509
0.36037
0.35875
0.36177
0.36574
0.36667
0.35768
0.35089
0.35434
0.35344
0.35227
0.35257
0.35229
0.3558
0.36099
0.36942
0.35594
0.35408
0.34615
0.3465
0.35337
0.35433
0.3452
0.35776
0.35438
0.34938
0.33892
0.33939
0.30988
0.31689
0.29245
0.35085
0.35216
0.35378
0.35168
0.35002
0.34685
0.34693
0.34535
0.34871
0.34879
0.35108
0.35113
0.34765
0.34964
0.36262
0.36583
0.3551
0.35537
0.34811
0.34812
0.35322
0.35005
0.35145
0.35933
0.35688
0.34804
0.33769
0.3338
0.31173
0.31254
0.30264
0.34852
0.34804
0.34379
0.33384
0.33901
0.33922
0.34087
0.34549
0.35131
0.34783
0.35062
0.35247
0.35283
0.35066
0.36145
0.36217
0.35553
0.35492
0.35229
0.35244
0.35686
0.35252
0.35207
0.35677
0.35311
0.34595
0.34015
0.33045
0.30817
0.31077
0.29967
0.33813
0.33705
0.33356
0.32744
0.33368
0.33453
0.34177
0.34604
0.34739
0.34229
0.34643
0.34971
0.35393
0.35273
0.36113
0.36192
0.35831
0.36113
0.35917
0.35524
0.36355
0.35102
0.34825
0.35396
0.3585
0.35113
0.34013
0.33094
0.3079
0.30489
0.29736
0.32895
0.32786
0.32809
0.32815
0.32774
0.33182
0.33996
0.34004
0.34527
0.34046
0.343
0.34515
0.3487
0.3515
0.35896
0.36067
0.35749
0.36055
0.35816
0.35284
0.35482
0.35028
0.34522
0.35086
0.35769
0.34997
0.3397
0.32923
0.30351
0.30323
0.29353
0.3244
0.32426
0.32813
0.32827
0.31493
0.31851
0.3324
0.33445
0.3393
0.33677
0.33965
0.34091
0.3449
0.35257
0.35371
0.35488
0.35429
0.35521
0.35323
0.35335
0.34983
0.34293
0.34113
0.34935
0.3518
0.34484
0.33976
0.32385
0.30039
0.30401
0.29477
0.31996
0.32173
0.32598
0.32796
0.28284
0.27838
0.32587
0.3279
0.33177
0.33091
0.33364
0.33625
0.33804
0.3413
0.34582
0.34697
0.34436
0.34437
0.3451
0.34425
0.34214
0.33501
0.33166
0.33858
0.34372
0.33807
0.33326
0.31427
0.28917
0.29391
0.27973
0.31373
0.31507
0.31838
0.31871
0.31509
0.32151
0.32234
0.32623
0.32913
0.3248
0.32323
0.32777
0.33079
0.33331
0.33592
0.33498
0.33054
0.33457
0.33518
0.33207
0.33163
0.32813
0.32017
0.3268
0.32958
0.32951
0.31947
0.31166
0.29476
0.29426
0.2806
0.31174
0.3154
0.31719
0.31677
0.31399
0.31794
0.31919
0.32108
0.32471
0.31611
0.31282
0.32029
0.31852
0.32588
0.33157
0.33698
0.33492
0.33876
0.33362
0.33326
0.3327
0.32856
0.32049
0.32897
0.33102
0.32694
0.32192
0.31441
0.29643
0.29356
0.28477
0.30615
0.3129
0.31447
0.31424
0.3134
0.30955
0.31218
0.31608
0.31641
0.31033
0.31001
0.3201
0.31076
0.31706
0.32496
0.33211
0.32998
0.33621
0.33515
0.3349
0.34045
0.3346
0.33105
0.34097
0.34046
0.3309
0.32232
0.31486
0.29347
0.29235
0.28429
0.29896
0.30219
0.30286
0.30309
0.3058
0.3021
0.30542
0.30642
0.31175
0.3086
0.30487
0.31328
0.31404
0.31745
0.31781
0.3257
0.32964
0.33054
0.33532
0.33751
0.34013
0.34064
0.33694
0.34289
0.34027
0.32452
0.31742
0.31052
0.2915
0.28901
0.28018
0.2856
0.28945
0.29576
0.2921
0.29835
0.2941
0.29942
0.30226
0.31061
0.30691
0.30581
0.30864
0.31251
0.31806
0.32108
0.3236
0.32825
0.33039
0.33224
0.33922
0.33624
0.33775
0.33701
0.33858
0.33448
0.32181
0.31478
0.30732
0.28746
0.28527
0.2776
0.29517
0.29533
0.29837
0.30002
0.29724
0.28864
0.29245
0.2974
0.31211
0.3042
0.30663
0.30914
0.30642
0.31592
0.31917
0.32213
0.32567
0.32801
0.33276
0.33275
0.33656
0.33163
0.33002
0.33639
0.33207
0.32098
0.3172
0.30643
0.28722
0.28471
0.2763
0.2917
0.29271
0.29004
0.29902
0.30317
0.2921
0.29196
0.28439
0.30491
0.30147
0.30444
0.30625
0.3029
0.31139
0.31317
0.31723
0.32312
0.32944
0.32841
0.33342
0.32897
0.32984
0.32098
0.3349
0.3263
0.32262
0.31414
0.30497
0.28698
0.28612
0.27175
0.29423
0.29315
0.27014
0.21872
0.2826
0.28777
0.29302
0.28451
0.29757
0.29749
0.3013
0.30473
0.29529
0.30787
0.31055
0.31345
0.31601
0.32389
0.323
0.32538
0.32745
0.31841
0.31374
0.33008
0.32483
0.31907
0.31018
0.3003
0.28578
0.28331
0.26941
0.29111
0.29098
0.29367
0.28454
0.29338
0.29075
0.29212
0.29749
0.29931
0.28846
0.29112
0.30427
0.29978
0.30254
0.30688
0.31268
0.31202
0.31465
0.3237
0.3272
0.32899
0.31604
0.3095
0.32666
0.31908
0.31383
0.30657
0.29733
0.28014
0.27987
0.26307
0.23963
0.28613
0.29555
0.29004
0.29161
0.2903
0.29495
0.29521
0.30668
0.29323
0.2855
0.3008
0.30299
0.30677
0.30508
0.30617
0.31203
0.31559
0.32225
0.32311
0.3207
0.3206
0.31865
0.32199
0.3152
0.31043
0.30395
0.29502
0.27463
0.27019
0.25155
0.22669
0.25703
0.28919
0.28861
0.29103
0.29076
0.29263
0.29429
0.30064
0.29856
0.28993
0.29368
0.29464
0.30531
0.3046
0.30501
0.30834
0.31018
0.31665
0.31804
0.31582
0.30772
0.30915
0.31237
0.30362
0.3044
0.29581
0.28737
0.25229
0.25659
0.22894
0.25451
0.22876
0.27558
0.28702
0.29206
0.29094
0.2918
0.29212
0.29888
0.29571
0.28766
0.29808
0.29351
0.29389
0.30192
0.29942
0.30139
0.30637
0.31197
0.31521
0.30953
0.30095
0.29877
0.30755
0.30166
0.29709
0.28794
0.281
0.25796
0.25537
0.22832
0.26559
0.24013
0.25625
0.27652
0.29453
0.29424
0.29458
0.29336
0.29993
0.29598
0.28683
0.29875
0.29828
0.30021
0.29841
0.30263
0.30132
0.3042
0.31051
0.31409
0.30817
0.29825
0.29283
0.30487
0.30276
0.29474
0.28537
0.28174
0.25546
0.25361
0.23186
0.26039
0.25306
0.26496
0.27659
0.2952
0.29343
0.29547
0.29818
0.30206
0.29449
0.2872
0.29975
0.29789
0.30272
0.29816
0.29601
0.29606
0.29873
0.30868
0.31452
0.31026
0.30082
0.29774
0.29928
0.30264
0.29468
0.28269
0.28019
0.264
0.2594
0.23439
0.25571
0.26265
0.25706
0.25078
0.29166
0.28711
0.29368
0.29721
0.29462
0.28818
0.27412
0.28999
0.27733
0.28396
0.28808
0.28762
0.28275
0.29527
0.29511
0.30239
0.30454
0.29408
0.28145
0.29211
0.28978
0.28614
0.28152
0.27652
0.25687
0.25508
0.2208
0.2321
0.26236
0.27472
0.26415
0.29008
0.28303
0.29718
0.29595
0.29762
0.27008
0.25304
0.2824
0.28003
0.29274
0.29032
0.28489
0.28504
0.28749
0.28544
0.29915
0.29299
0.29088
0.27753
0.28419
0.27564
0.27794
0.27364
0.2701
0.24018
0.2431
0.21302
0.23145
0.27056
0.26054
0.2537
0.28657
0.28416
0.29649
0.29596
0.29717
0.26577
0.26717
0.28192
0.28823
0.29842
0.29227
0.28154
0.27312
0.27573
0.27684
0.28667
0.28521
0.28484
0.27827
0.27898
0.26123
0.26849
0.26208
0.26132
0.21753
0.23869
0.20807
0.168
0.21303
0.25275
0.2684
0.28393
0.27529
0.28496
0.2886
0.28684
0.26176
0.27249
0.27084
0.27387
0.28124
0.28121
0.26221
0.24194
0.25672
0.2568
0.26086
0.25928
0.25167
0.24416
0.23913
0.21097
0.23025
0.22128
0.22625
0.15922
0.20492
0.18234
0.14848
0.17977
0.2207
0.26725
0.27884
0.26405
0.2781
0.27897
0.28275
0.2732
0.26696
0.26144
0.26902
0.269
0.26377
0.25407
0.2312
0.24381
0.2421
0.24399
0.24383
0.21753
0.19823
0.20783
0.1779
0.17182
0.19205
0.19016
0.13273
0.15852
0.13991
0.2068
0.25498
0.25076
0.28288
0.28418
0.26759
0.2828
0.28661
0.2829
0.27524
0.27314
0.28046
0.28362
0.27603
0.27541
0.26706
0.24351
0.26187
0.25158
0.25739
0.26262
0.22297
0.20269
0.22003
0.20257
0.20394
0.217
0.21194
0.17337
0.19581
0.16188
0.19435
0.26729
0.23914
0.28153
0.28352
0.26238
0.27388
0.2733
0.27032
0.26124
0.26348
0.28341
0.28244
0.25221
0.27523
0.26244
0.24996
0.25897
0.24546
0.25014
0.24928
0.22087
0.21605
0.21561
0.20332
0.21428
0.22054
0.22319
0.20289
0.20688
0.1855
0.15739
0.2551
0.2409
0.26504
0.28458
0.27866
0.28518
0.27921
0.28527
0.27949
0.27446
0.27773
0.28651
0.25309
0.27819
0.26496
0.26339
0.26364
0.25783
0.2605
0.23632
0.20804
0.20559
0.20669
0.2013
0.21814
0.20561
0.20527
0.16441
0.20562
0.17916
