0.21927
0.22
0.21539
0.20747
0.20591
0.19976
0.19485
0.18893
0.18826
0.18738
0.18353
0.17794
0.17896
0.17973
0.17941
0.17433
0.16476
0.16461
0.15687
0.15794
0.15406
0.14323
0.14241
0.14869
0.14671
0.14686
0.14304
0.14709
0.1335
0.14207
0.1335
0.21652
0.20966
0.20959
0.20258
0.20082
0.19559
0.19201
0.18694
0.18681
0.18589
0.18344
0.17967
0.176
0.17518
0.1757
0.17085
0.16134
0.16519
0.15741
0.15624
0.15169
0.14171
0.14279
0.1493
0.14475
0.14634
0.14296
0.14672
0.12874
0.14156
0.13357
0.20936
0.20236
0.20418
0.19747
0.1954
0.19334
0.19033
0.18504
0.18059
0.18434
0.18283
0.17904
0.1713
0.17211
0.17309
0.16651
0.15942
0.15927
0.15181
0.15385
0.15001
0.14481
0.14294
0.14927
0.14519
0.14508
0.14188
0.14463
0.13179
0.1396
0.13064
0.2023
0.19438
0.19797
0.19087
0.19045
0.18758
0.18624
0.17677
0.1783
0.1772
0.17563
0.16901
0.16524
0.16508
0.16441
0.16203
0.15702
0.15607
0.14594
0.143
0.13963
0.1404
0.14076
0.1492
0.14709
0.14415
0.13997
0.14612
0.13264
0.13646
0.12771
0.19552
0.19095
0.19188
0.18624
0.1857
0.18306
0.18234
0.17824
0.17631
0.17414
0.16763
0.15482
0.16251
0.16053
0.15819
0.15765
0.15355
0.15053
0.13402
0.1322
0.12969
0.13875
0.13976
0.14772
0.14635
0.14387
0.13852
0.14515
0.13099
0.13605
0.11544
0.18849
0.18647
0.1867
0.18113
0.18031
0.17984
0.17942
0.17472
0.17202
0.16825
0.16292
0.15786
0.15676
0.15711
0.1542
0.15426
0.14902
0.14461
0.12739
0.12094
0.12346
0.13247
0.13521
0.14616
0.14666
0.14467
0.13818
0.14324
0.12225
0.1312
0.10876
0.18186
0.18211
0.18182
0.17753
0.17522
0.17483
0.17267
0.16738
0.16371
0.16172
0.15586
0.15292
0.15258
0.15628
0.14993
0.15197
0.14244
0.13912
0.12416
0.11618
0.12497
0.13378
0.13369
0.14481
0.14647
0.14465
0.13698
0.1406
0.11904
0.12842
0.10545
0.17668
0.17732
0.1753
0.17225
0.17278
0.17089
0.16729
0.16101
0.15713
0.15466
0.15316
0.15147
0.14918
0.15285
0.15055
0.15201
0.13295
0.12787
0.12025
0.11188
0.12031
0.12993
0.12687
0.14306
0.14539
0.1393
0.13267
0.13843
0.11487
0.11944
0.10292
0.1718
0.1719
0.17036
0.16794
0.16974
0.16589
0.16152
0.15328
0.15273
0.14866
0.14932
0.14929
0.1459
0.14861
0.14767
0.14858
0.1288
0.1218
0.1153
0.11492
0.1239
0.1304
0.12414
0.14419
0.1424
0.13332
0.12743
0.13533
0.11526
0.11937
0.1085
0.16985
0.16692
0.16544
0.16102
0.16028
0.15618
0.15463
0.15091
0.15101
0.14719
0.14592
0.14881
0.14263
0.14471
0.14725
0.14576
0.12888
0.12632
0.11988
0.11856
0.12428
0.12962
0.13321
0.14797
0.14355
0.13369
0.12704
0.13261
0.11456
0.11988
0.11936
0.16724
0.16303
0.16072
0.14852
0.15126
0.14973
0.14926
0.14817
0.14994
0.14418
0.14332
0.14618
0.1436
0.14262
0.14545
0.14261
0.12692
0.12924
0.12535
0.12273
0.13009
0.13785
0.13898
0.14898
0.1455
0.13664
0.13464
0.13592
0.11537
0.11983
0.12001
0.16177
0.15895
0.15553
0.14706
0.14809
0.14629
0.14765
0.14556
0.14688
0.14204
0.14175
0.14429
0.1431
0.14352
0.14506
0.14168
0.13639
0.13914
0.13733
0.13204
0.14349
0.14154
0.14284
0.14914
0.14853
0.14373
0.14116
0.13783
0.11906
0.12073
0.12064
0.15504
0.15098
0.14822
0.14685
0.14513
0.14412
0.14661
0.14446
0.14696
0.13924
0.14106
0.13942
0.14302
0.14402
0.14429
0.14508
0.14117
0.14507
0.14378
0.14126
0.14678
0.14671
0.14466
0.14837
0.14819
0.14335
0.14088
0.1429
0.12432
0.12533
0.12575
0.1527
0.14979
0.14916
0.14682
0.1373
0.13987
0.14614
0.14454
0.14353
0.14157
0.14049
0.1376
0.13979
0.14482
0.14487
0.14541
0.14429
0.14689
0.14405
0.14634
0.14605
0.14733
0.14208
0.14822
0.14786
0.14117
0.14362
0.14263
0.12538
0.12804
0.12872
0.15144
0.14941
0.14855
0.14784
0.11537
0.11346
0.14283
0.14123
0.1424
0.13771
0.13646
0.13327
0.1366
0.14203
0.14225
0.14405
0.14499
0.14518
0.14828
0.14903
0.14489
0.14369
0.13869
0.14441
0.14633
0.14337
0.14235
0.14238
0.12326
0.12526
0.12496
0.14862
0.14769
0.14814
0.14526
0.14225
0.14251
0.14091
0.1379
0.1432
0.1323
0.12575
0.12707
0.13345
0.13965
0.13878
0.14193
0.14265
0.14394
0.14568
0.14538
0.14008
0.14529
0.13955
0.14465
0.14403
0.14054
0.13809
0.14063
0.12549
0.12697
0.12163
0.14923
0.15063
0.14768
0.14414
0.14017
0.1386
0.13221
0.13143
0.13334
0.12273
0.11623
0.11826
0.12025
0.13045
0.1353
0.14031
0.14326
0.14405
0.14521
0.14592
0.14181
0.14416
0.14009
0.14882
0.14694
0.14192
0.13836
0.13768
0.12409
0.12726
0.12327
0.14506
0.14878
0.14569
0.14166
0.13865
0.12926
0.12503
0.1271
0.1231
0.12004
0.11506
0.11694
0.11591
0.12104
0.12771
0.13717
0.1411
0.14256
0.1447
0.14618
0.14366
0.14626
0.14358
0.15321
0.1517
0.14209
0.13956
0.13866
0.12668
0.12667
0.12402
0.14285
0.14403
0.1411
0.13375
0.13177
0.12293
0.12211
0.12015
0.1231
0.1183
0.11199
0.11614
0.11802
0.1209
0.12055
0.13042
0.14072
0.14343
0.14474
0.14794
0.14582
0.14884
0.14463
0.15027
0.14866
0.1425
0.13991
0.141
0.12901
0.12829
0.12233
0.13587
0.13272
0.13132
0.12538
0.12658
0.11606
0.11812
0.11477
0.12166
0.12033
0.11433
0.11516
0.11787
0.12303
0.12414
0.12604
0.13911
0.14208
0.14195
0.14799
0.14929
0.14739
0.143
0.14979
0.14775
0.14135
0.13966
0.13713
0.12751
0.12665
0.11871
0.13642
0.12944
0.13241
0.12934
0.12168
0.11321
0.11521
0.11391
0.12554
0.12079
0.11943
0.11559
0.11315
0.1206
0.12578
0.1267
0.13775
0.14158
0.14013
0.1445
0.14713
0.14488
0.13933
0.14878
0.14582
0.14174
0.14297
0.13998
0.12454
0.12559
0.11971
0.12853
0.125
0.1211
0.12648
0.12612
0.11248
0.11606
0.10926
0.12478
0.12165
0.11997
0.11565
0.11069
0.11969
0.12387
0.12577
0.13526
0.1391
0.13806
0.14228
0.1438
0.14213
0.13649
0.14921
0.1448
0.14261
0.14249
0.1415
0.12455
0.12581
0.11766
0.1337
0.12791
0.10714
0.083278
0.11525
0.10588
0.11509
0.10905
0.12392
0.12194
0.11986
0.11628
0.1067
0.11784
0.12134
0.12525
0.13263
0.13842
0.13747
0.14128
0.14545
0.1396
0.13133
0.14655
0.14359
0.14192
0.14036
0.13845
0.12694
0.12581
0.11467
0.14078
0.13589
0.13291
0.11779
0.12256
0.11583
0.11757
0.11826
0.12399
0.1211
0.11846
0.12079
0.11343
0.11812
0.11971
0.1269
0.13409
0.13985
0.14038
0.14286
0.14679
0.1376
0.1323
0.1441
0.14158
0.13985
0.13748
0.13527
0.12148
0.11987
0.1116
0.099829
0.13818
0.14177
0.12751
0.12536
0.11819
0.12093
0.11935
0.12856
0.1249
0.11578
0.12255
0.11799
0.12098
0.12177
0.12573
0.1358
0.14009
0.14572
0.14145
0.14292
0.13986
0.13692
0.14538
0.13949
0.13673
0.13522
0.13485
0.1176
0.11432
0.10258
0.084444
0.1099
0.13884
0.13272
0.12993
0.12328
0.12527
0.12273
0.13067
0.12561
0.11827
0.12215
0.12064
0.1245
0.12246
0.12544
0.13532
0.13593
0.13998
0.14067
0.14161
0.13394
0.13312
0.1399
0.13506
0.13456
0.13168
0.13016
0.10746
0.10596
0.087533
0.10356
0.09769
0.13212
0.1365
0.13503
0.13034
0.13162
0.12984
0.13422
0.12711
0.1202
0.12391
0.12215
0.12445
0.12428
0.1246
0.12968
0.13314
0.13644
0.13995
0.1398
0.12972
0.12809
0.13737
0.13387
0.13247
0.12636
0.12922
0.10963
0.10681
0.084336
0.12145
0.089892
0.12184
0.13369
0.14341
0.1396
0.13531
0.12965
0.13865
0.13254
0.12111
0.12899
0.1274
0.1312
0.12848
0.13104
0.12915
0.13454
0.1392
0.14415
0.14
0.12951
0.12399
0.13486
0.13469
0.13239
0.12038
0.12665
0.10364
0.10333
0.088925
0.11812
0.11418
0.12056
0.13226
0.14577
0.14229
0.13911
0.14394
0.14343
0.13651
0.1269
0.13838
0.13175
0.13747
0.13262
0.13381
0.13231
0.13617
0.14176
0.14594
0.14529
0.13422
0.13027
0.13768
0.13882
0.13449
0.12316
0.12804
0.11097
0.11208
0.09669
0.12086
0.12202
0.11664
0.11991
0.14601
0.1367
0.14306
0.14515
0.13995
0.13384
0.12147
0.13299
0.12187
0.12589
0.12506
0.12594
0.12378
0.13332
0.13531
0.13963
0.14129
0.12952
0.12242
0.13257
0.13047
0.12903
0.12267
0.12831
0.10663
0.11422
0.089051
0.11688
0.12427
0.1358
0.12431
0.14954
0.13784
0.14951
0.15064
0.14861
0.12834
0.11685
0.13382
0.12675
0.13556
0.13393
0.13039
0.13091
0.13248
0.13469
0.13982
0.1406
0.13098
0.11872
0.12803
0.12028
0.12459
0.12099
0.12481
0.098976
0.10816
0.085732
0.11697
0.14478
0.13797
0.13333
0.15197
0.14272
0.15559
0.15316
0.15275
0.12942
0.12636
0.13183
0.13714
0.14583
0.13739
0.12776
0.12681
0.12717
0.13298
0.14054
0.1382
0.13288
0.12661
0.12664
0.10859
0.12272
0.11864
0.12034
0.085766
0.10484
0.085489
0.080524
0.10638
0.13081
0.14
0.1519
0.14093
0.14949
0.14759
0.14713
0.12773
0.13399
0.12532
0.12722
0.13692
0.13325
0.11731
0.10595
0.11188
0.11662
0.12095
0.12265
0.1101
0.10552
0.10479
0.082551
0.098424
0.091824
0.10093
0.059299
0.084187
0.071636
0.070185
0.083449
0.11815
0.14305
0.14915
0.13383
0.1406
0.13731
0.14137
0.13151
0.12619
0.12311
0.12391
0.12495
0.11524
0.10855
0.09297
0.099648
0.097962
0.1013
0.10612
0.091395
0.077723
0.081258
0.069884
0.063754
0.069052
0.07082
0.044292
0.057325
0.046611
0.090387
0.12992
0.13823
0.16058
0.1587
0.13707
0.14527
0.14567
0.14569
0.13891
0.13266
0.14074
0.1378
0.12661
0.12383
0.11761
0.096924
0.11333
0.10562
0.10818
0.11575
0.088464
0.076249
0.0854
0.070926
0.070676
0.081072
0.081852
0.055397
0.074093
0.053948
0.10097
0.13975
0.12901
0.16219
0.15478
0.13538
0.14123
0.13714
0.13012
0.13035
0.13003
0.14136
0.14008
0.10769
0.12715
0.11737
0.10591
0.11289
0.102
0.10547
0.10788
0.083446
0.082684
0.084879
0.075437
0.086711
0.090684
0.095903
0.082491
0.089077
0.070373
0.092054
0.13061
0.12152
0.15639
0.15892
0.14957
0.15139
0.14378
0.14812
0.14166
0.13412
0.1389
0.14392
0.10084
0.12469
0.11556
0.11493
0.12248
0.11857
0.11647
0.0968
0.075078
0.074597
0.077517
0.07595
0.093394
0.085088
0.096083
0.075636
0.089545
0.070351
