0.073789
0.074294
0.076443
0.077821
0.079394
0.079424
0.081711
0.081343
0.085235
0.087088
0.088738
0.08626
0.089102
0.09315
0.095105
0.096821
0.096634
0.099824
0.098596
0.10022
0.099419
0.10133
0.10127
0.10314
0.10046
0.10033
0.099353
0.1021
0.10026
0.10318
0.10183
0.075204
0.075262
0.078046
0.078586
0.081946
0.0805
0.083108
0.082164
0.086772
0.089789
0.090051
0.088157
0.089225
0.093309
0.095949
0.097676
0.098292
0.1003
0.099553
0.10033
0.099422
0.10107
0.10223
0.10419
0.098522
0.10179
0.098113
0.1022
0.1004
0.10377
0.10363
0.077377
0.077706
0.080431
0.080821
0.083429
0.083287
0.083706
0.085568
0.086598
0.092154
0.092699
0.092944
0.091745
0.095213
0.098757
0.098458
0.099306
0.099897
0.099238
0.099799
0.099444
0.10259
0.1024
0.10356
0.10063
0.10098
0.10055
0.10031
0.10049
0.10314
0.10266
0.079924
0.077539
0.083154
0.080211
0.084027
0.083201
0.084659
0.083357
0.089289
0.092394
0.093395
0.094656
0.094265
0.095654
0.097919
0.09952
0.099015
0.099478
0.098569
0.097343
0.094466
0.10038
0.10114
0.10344
0.10278
0.10135
0.10012
0.10296
0.10296
0.1047
0.10392
0.08246
0.080804
0.085228
0.08401
0.088081
0.086629
0.087284
0.088859
0.092176
0.093698
0.095787
0.094489
0.097113
0.099225
0.099936
0.10027
0.10012
0.098613
0.095716
0.094352
0.093297
0.098661
0.099983
0.1033
0.1046
0.10247
0.10101
0.10381
0.10397
0.10671
0.10428
0.084137
0.085613
0.087958
0.086064
0.089128
0.088705
0.090596
0.089923
0.09288
0.095201
0.098691
0.10119
0.097409
0.10049
0.10025
0.10041
0.099988
0.09765
0.09246
0.08938
0.092172
0.097518
0.097912
0.10321
0.10469
0.10296
0.10082
0.10381
0.10353
0.10562
0.10411
0.08702
0.087814
0.089566
0.089684
0.09147
0.090223
0.09162
0.091988
0.09302
0.09453
0.09826
0.10105
0.099227
0.0999
0.099629
0.10116
0.099571
0.096304
0.091879
0.091093
0.091708
0.097964
0.098326
0.10112
0.10322
0.10295
0.10185
0.10342
0.10392
0.10611
0.10488
0.089191
0.090172
0.090909
0.090939
0.093767
0.092158
0.094162
0.093044
0.094522
0.094944
0.098027
0.10023
0.099389
0.10103
0.10187
0.10151
0.097321
0.093453
0.09107
0.089875
0.090978
0.096762
0.098147
0.10309
0.10284
0.10122
0.099145
0.10411
0.10336
0.10478
0.10514
0.09186
0.091534
0.093602
0.093324
0.095654
0.094853
0.095843
0.096679
0.098103
0.097691
0.099385
0.102
0.10125
0.10014
0.1013
0.1012
0.09671
0.092735
0.089965
0.090279
0.0924
0.096958
0.097328
0.10286
0.10025
0.099757
0.098338
0.1039
0.10322
0.10485
0.10545
0.094735
0.095517
0.094836
0.095882
0.096017
0.095708
0.098623
0.099369
0.10034
0.099671
0.10009
0.10386
0.10229
0.10041
0.10329
0.10128
0.097358
0.094042
0.091243
0.090789
0.092289
0.095105
0.098488
0.10331
0.10089
0.099791
0.09885
0.10301
0.10391
0.10546
0.10756
0.094929
0.097404
0.095995
0.096426
0.099056
0.097958
0.099949
0.098995
0.10186
0.10188
0.10187
0.10469
0.10419
0.1007
0.1018
0.10044
0.095848
0.095184
0.094782
0.093078
0.094706
0.09948
0.099836
0.10301
0.10164
0.10056
0.10209
0.10463
0.10426
0.10576
0.10803
0.096276
0.097071
0.098605
0.097694
0.10077
0.099553
0.10278
0.10134
0.102
0.10257
0.1024
0.10479
0.1032
0.10258
0.10091
0.10085
0.098279
0.097627
0.098269
0.096775
0.098301
0.10042
0.10091
0.10327
0.10119
0.1024
0.10252
0.10535
0.10418
0.10634
0.10955
0.097352
0.098223
0.098721
0.10024
0.1012
0.10001
0.10359
0.10179
0.10298
0.102
0.10304
0.10285
0.10341
0.10105
0.10071
0.10125
0.099961
0.098985
0.098357
0.098292
0.1001
0.10242
0.10108
0.1024
0.10147
0.10125
0.10208
0.10586
0.10531
0.10811
0.11066
0.099402
0.099748
0.10097
0.10201
0.10001
0.099507
0.1045
0.10241
0.10381
0.10425
0.10319
0.10239
0.1037
0.10272
0.10266
0.1019
0.10053
0.10141
0.10066
0.10036
0.099576
0.10274
0.10129
0.10219
0.10196
0.10054
0.10305
0.10568
0.10641
0.10807
0.11059
0.1019
0.10209
0.10363
0.10357
0.097507
0.095098
0.10519
0.10424
0.10419
0.10241
0.10211
0.10338
0.1045
0.10213
0.10321
0.10258
0.10233
0.10268
0.10288
0.10267
0.10046
0.10251
0.10064
0.10205
0.10001
0.10185
0.10324
0.10718
0.10707
0.10846
0.10995
0.10203
0.10284
0.10453
0.10346
0.10562
0.10448
0.10384
0.10323
0.10453
0.097766
0.096591
0.099713
0.1021
0.10089
0.10419
0.10398
0.10395
0.10396
0.10357
0.10272
0.10039
0.10321
0.10092
0.10378
0.10134
0.10157
0.10237
0.10804
0.10685
0.10994
0.1106
0.10436
0.10613
0.10477
0.10547
0.10562
0.104
0.09985
0.098414
0.099294
0.098787
0.097676
0.099289
0.099213
0.098664
0.10108
0.10647
0.10561
0.10448
0.10388
0.10446
0.10067
0.10389
0.10023
0.10398
0.10057
0.10193
0.10341
0.10803
0.10732
0.10993
0.11159
0.10343
0.10608
0.10564
0.1056
0.10467
0.098686
0.097571
0.097837
0.09727
0.099213
0.098199
0.10055
0.097156
0.096804
0.098609
0.10331
0.10596
0.10389
0.10332
0.103
0.099262
0.10317
0.10086
0.10567
0.10255
0.10138
0.1048
0.10815
0.10785
0.11091
0.11213
0.10416
0.10519
0.10562
0.10315
0.10161
0.097179
0.09514
0.095624
0.098377
0.099413
0.097554
0.099938
0.10045
0.099037
0.097833
0.10169
0.10516
0.10465
0.10408
0.10299
0.1011
0.1036
0.10129
0.10304
0.10227
0.10135
0.10521
0.10913
0.11038
0.1116
0.11052
0.10374
0.10279
0.1024
0.10124
0.098995
0.09411
0.093252
0.095275
0.099566
0.099725
0.09799
0.09956
0.099735
0.10124
0.10009
0.10234
0.10465
0.10467
0.10309
0.10278
0.10295
0.099973
0.1011
0.10265
0.10289
0.10278
0.10552
0.10894
0.10975
0.11162
0.11005
0.10153
0.098789
0.099725
0.10115
0.09623
0.09351
0.092507
0.0946
0.099792
0.099521
0.10047
0.099301
0.098228
0.10024
0.10036
0.10112
0.10474
0.10338
0.10251
0.10245
0.10133
0.10098
0.098598
0.1034
0.10251
0.10236
0.10848
0.10955
0.10959
0.11075
0.11196
0.094426
0.092985
0.08923
0.096686
0.096346
0.092995
0.093277
0.093308
0.099007
0.099535
0.099775
0.09832
0.096826
0.10036
0.10061
0.1025
0.10467
0.10363
0.10281
0.10199
0.10014
0.099846
0.098811
0.1041
0.10347
0.10378
0.10762
0.1108
0.10892
0.11195
0.11074
0.098931
0.094007
0.087725
0.085809
0.094368
0.091419
0.093953
0.091875
0.09938
0.09845
0.098431
0.0993
0.095823
0.099581
0.10055
0.10254
0.10327
0.10331
0.10316
0.099801
0.10097
0.098858
0.09599
0.104
0.10277
0.1048
0.10763
0.11046
0.1113
0.11269
0.11023
0.10465
0.10132
0.10162
0.095632
0.09573
0.094792
0.096532
0.096789
0.099596
0.09997
0.098674
0.098181
0.09786
0.097958
0.10003
0.10293
0.10388
0.10487
0.10277
0.10115
0.10093
0.098939
0.097409
0.10326
0.10226
0.10529
0.10771
0.1108
0.11101
0.11099
0.10984
0.099647
0.1036
0.10441
0.10034
0.09573
0.093223
0.09652
0.096588
0.10077
0.09897
0.097463
0.099428
0.10002
0.09873
0.099733
0.1006
0.10525
0.10381
0.10542
0.10242
0.099659
0.10034
0.10001
0.10422
0.10294
0.10465
0.10694
0.11116
0.10934
0.11059
0.10764
0.093485
0.099338
0.10389
0.10136
0.098575
0.096265
0.097951
0.097056
0.10203
0.099099
0.097287
0.10023
0.099612
0.099196
0.099456
0.10056
0.10461
0.10126
0.10388
0.10335
0.10125
0.098894
0.099667
0.10362
0.10319
0.10626
0.10759
0.11018
0.1074
0.10771
0.10714
0.091068
0.096294
0.10211
0.10173
0.10314
0.10091
0.10174
0.10041
0.10296
0.10011
0.099304
0.10231
0.10055
0.099235
0.10225
0.099576
0.10208
0.10149
0.10305
0.10303
0.10086
0.098708
0.099292
0.1024
0.104
0.10587
0.10675
0.11126
0.10803
0.10803
0.10544
0.091887
0.090059
0.098078
0.09989
0.10598
0.10523
0.10281
0.10119
0.10384
0.1021
0.099093
0.102
0.10153
0.10196
0.10288
0.10229
0.10262
0.1019
0.10423
0.10503
0.10209
0.1002
0.097012
0.1038
0.10275
0.10519
0.10314
0.10887
0.10817
0.10812
0.10575
0.090526
0.0949
0.099088
0.10131
0.10437
0.10287
0.10105
0.10357
0.10406
0.10069
0.098348
0.10298
0.1018
0.10089
0.10131
0.10131
0.10216
0.10295
0.10367
0.10463
0.10302
0.10023
0.10039
0.10452
0.10601
0.1061
0.10298
0.10916
0.1074
0.10943
0.10761
0.090319
0.094684
0.097671
0.097252
0.10203
0.097341
0.10173
0.10293
0.099858
0.099245
0.097213
0.098439
0.09875
0.09927
0.097754
0.10051
0.096473
0.10227
0.10275
0.10316
0.10182
0.099723
0.097694
0.10305
0.10292
0.10415
0.10344
0.10782
0.10596
0.10903
0.10671
0.088076
0.093409
0.098453
0.098821
0.10269
0.097449
0.10227
0.10309
0.10492
0.10571
0.10373
0.10279
0.10145
0.1041
0.10247
0.10305
0.10172
0.10125
0.10314
0.10597
0.10373
0.1014
0.10156
0.10466
0.10195
0.10655
0.10385
0.10656
0.10335
0.10663
0.10484
0.084517
0.097608
0.098819
0.1
0.10313
0.099875
0.10552
0.10398
0.10657
0.10646
0.10289
0.10128
0.10229
0.10545
0.10432
0.10409
0.10379
0.10022
0.10312
0.10699
0.1042
0.10553
0.10428
0.10741
0.10001
0.10674
0.10365
0.10584
0.096934
0.10381
0.10216
0.074257
0.086998
0.092525
0.097194
0.10096
0.09637
0.10288
0.10181
0.10454
0.10268
0.10124
0.097143
0.099473
0.10129
0.10057
0.10081
0.098406
0.096017
0.097446
0.10159
0.099576
0.098696
0.10026
0.10221
0.09498
0.098623
0.096657
0.10103
0.091811
0.098221
0.095105
0.070296
0.075066
0.088811
0.095483
0.096926
0.089154
0.095806
0.097051
0.10096
0.098882
0.096966
0.094929
0.098002
0.097189
0.094904
0.09512
0.092388
0.093017
0.092764
0.096566
0.0976
0.093838
0.097348
0.096375
0.093115
0.091456
0.092007
0.093555
0.088022
0.091255
0.089868
0.070221
0.084532
0.092579
0.10173
0.096314
0.088622
0.094618
0.095762
0.09877
0.09726
0.096105
0.099264
0.10162
0.096816
0.095054
0.096797
0.092066
0.095711
0.094274
0.097431
0.10148
0.096382
0.10109
0.098791
0.090608
0.093536
0.096453
0.098686
0.091279
0.095721
0.092203
0.068752
0.080659
0.087534
0.095814
0.091453
0.083566
0.086534
0.087083
0.088402
0.090314
0.089779
0.096528
0.098115
0.085566
0.091879
0.091743
0.091936
0.09373
0.091681
0.092257
0.09488
0.089129
0.091125
0.09149
0.089127
0.0935
0.096821
0.10173
0.098015
0.099395
0.0934
0.064365
0.07049
0.075778
0.084846
0.091515
0.086137
0.091858
0.085782
0.095078
0.093857
0.090642
0.092051
0.097027
0.079319
0.088495
0.086164
0.088404
0.094637
0.092223
0.094676
0.088407
0.084444
0.084093
0.085976
0.085551
0.091928
0.090338
0.098887
0.094652
0.096022
0.08861
