0.26477
0.26067
0.26065
0.25832
0.25611
0.25111
0.24669
0.23883
0.23695
0.23298
0.22847
0.22003
0.21711
0.21667
0.21297
0.21097
0.20608
0.205
0.19676
0.19679
0.19311
0.19373
0.19022
0.19157
0.18942
0.18752
0.18517
0.1881
0.18176
0.18076
0.17817
0.25965
0.25661
0.25439
0.25317
0.25254
0.2457
0.24184
0.23613
0.2343
0.23092
0.22446
0.21844
0.21371
0.21363
0.2101
0.20765
0.20522
0.20165
0.19547
0.19505
0.19157
0.19348
0.19127
0.19109
0.18769
0.18839
0.18466
0.18758
0.18063
0.18025
0.1779
0.25385
0.25082
0.24995
0.24781
0.24495
0.24146
0.2374
0.2335
0.22987
0.22757
0.22231
0.21707
0.21072
0.21083
0.20569
0.20594
0.20338
0.19754
0.19395
0.1921
0.19044
0.19157
0.18911
0.19068
0.18788
0.18704
0.18445
0.18426
0.18008
0.17901
0.17496
0.24627
0.24404
0.24271
0.24046
0.24053
0.23529
0.23232
0.22411
0.2258
0.22293
0.21847
0.21301
0.20856
0.2081
0.20245
0.20318
0.19979
0.19552
0.19196
0.18843
0.18486
0.18857
0.18721
0.19038
0.18905
0.18725
0.1838
0.18498
0.18003
0.17847
0.17378
0.23964
0.23703
0.23559
0.23439
0.23385
0.23031
0.22591
0.22148
0.22158
0.21794
0.21394
0.20816
0.20687
0.20573
0.20038
0.20027
0.19641
0.19273
0.18645
0.18476
0.18269
0.18555
0.18472
0.18934
0.18925
0.18657
0.18237
0.183
0.1777
0.17654
0.17194
0.23159
0.23225
0.23007
0.22741
0.22741
0.22452
0.2209
0.21307
0.21455
0.21136
0.21042
0.21037
0.20118
0.20345
0.19864
0.19819
0.19398
0.19026
0.18375
0.18065
0.18064
0.18384
0.18109
0.18781
0.1884
0.18507
0.18089
0.18125
0.17512
0.17312
0.16932
0.22547
0.22651
0.22451
0.22077
0.22148
0.21878
0.21512
0.20873
0.20724
0.20417
0.20597
0.20635
0.19944
0.20011
0.1954
0.19598
0.19178
0.18778
0.18269
0.17988
0.18025
0.18359
0.18002
0.18567
0.18616
0.18341
0.17937
0.18017
0.17322
0.17112
0.16739
0.22031
0.22066
0.22006
0.21525
0.21583
0.21129
0.20985
0.20421
0.20236
0.19856
0.1993
0.19951
0.19593
0.19815
0.19648
0.19453
0.18846
0.18318
0.18105
0.17898
0.17975
0.18372
0.1811
0.1863
0.18524
0.18112
0.17569
0.17873
0.17179
0.16813
0.16582
0.21615
0.2133
0.21334
0.21054
0.21033
0.20725
0.20455
0.20086
0.19847
0.19688
0.19657
0.19663
0.19528
0.19528
0.1929
0.19142
0.1859
0.18057
0.17969
0.17915
0.18133
0.18332
0.18022
0.18736
0.18381
0.17857
0.174
0.1783
0.17091
0.16742
0.16491
0.20891
0.2098
0.20627
0.20451
0.20382
0.20095
0.20152
0.19861
0.1979
0.19543
0.19525
0.19664
0.19322
0.19389
0.19343
0.19089
0.18503
0.18236
0.18109
0.18078
0.18127
0.18294
0.18157
0.1885
0.18408
0.17877
0.17397
0.17691
0.17069
0.16736
0.16535
0.20103
0.2023
0.20282
0.19868
0.1994
0.19643
0.19685
0.19287
0.19607
0.19329
0.19246
0.19614
0.19181
0.19178
0.1909
0.18982
0.18461
0.18409
0.18313
0.18282
0.18449
0.18735
0.1846
0.18874
0.1839
0.18131
0.17687
0.17808
0.1705
0.16711
0.16485
0.19709
0.19725
0.19783
0.19486
0.19658
0.19211
0.19551
0.19246
0.19209
0.19066
0.19055
0.19342
0.18923
0.1905
0.18872
0.18823
0.18663
0.18665
0.18527
0.18437
0.18789
0.18829
0.18597
0.18769
0.18382
0.18212
0.17854
0.1786
0.17002
0.16696
0.16617
0.19311
0.18995
0.19025
0.19184
0.19103
0.18753
0.1916
0.18881
0.19025
0.18655
0.18842
0.18815
0.18737
0.18651
0.18697
0.18881
0.18718
0.18785
0.18653
0.18776
0.18906
0.19009
0.18779
0.18643
0.18359
0.18053
0.17723
0.17889
0.17004
0.16779
0.16695
0.19314
0.18952
0.18908
0.19069
0.18646
0.18206
0.18849
0.18638
0.18803
0.18605
0.18687
0.18636
0.18461
0.18519
0.18757
0.18823
0.18713
0.18963
0.18798
0.18733
0.18856
0.18886
0.18581
0.18622
0.18303
0.17934
0.17694
0.17775
0.17024
0.16765
0.16448
0.1909
0.18869
0.18796
0.18946
0.18303
0.17839
0.18729
0.18563
0.18576
0.1837
0.18414
0.18466
0.18384
0.18275
0.18598
0.18717
0.18788
0.18935
0.18828
0.18908
0.1887
0.18709
0.18444
0.18459
0.18099
0.1791
0.17642
0.17733
0.16964
0.16542
0.1628
0.18897
0.18713
0.18555
0.18551
0.18608
0.18147
0.18368
0.18187
0.18461
0.17797
0.17648
0.17514
0.17953
0.18222
0.18478
0.18756
0.18764
0.18824
0.18912
0.18906
0.18673
0.18699
0.18441
0.18373
0.18118
0.17898
0.17429
0.17707
0.16781
0.16634
0.16289
0.18975
0.18629
0.18359
0.18348
0.1854
0.17916
0.1769
0.17611
0.17458
0.17249
0.16966
0.17275
0.17106
0.17543
0.18058
0.18643
0.18755
0.1865
0.18837
0.18942
0.18655
0.18753
0.18361
0.18431
0.1804
0.17755
0.1751
0.17607
0.16748
0.16626
0.16301
0.18448
0.18582
0.18207
0.18099
0.18265
0.17396
0.17283
0.17084
0.16844
0.16969
0.16838
0.17148
0.16882
0.16703
0.17234
0.18267
0.18543
0.18483
0.18596
0.1875
0.18493
0.18498
0.18222
0.18557
0.17986
0.17634
0.17514
0.17648
0.16711
0.16619
0.16277
0.18166
0.18237
0.17915
0.17554
0.17582
0.17071
0.1667
0.16737
0.16764
0.16929
0.16757
0.17071
0.17105
0.17053
0.16548
0.17485
0.18459
0.18477
0.18463
0.18551
0.18479
0.18495
0.18197
0.18175
0.17822
0.17643
0.17447
0.17534
0.16756
0.16601
0.16012
0.17936
0.17458
0.17396
0.1711
0.17286
0.1665
0.16465
0.16405
0.16538
0.16755
0.16739
0.17107
0.17184
0.17238
0.17058
0.17139
0.18123
0.18267
0.18321
0.1847
0.18622
0.18212
0.17905
0.18013
0.17842
0.17474
0.17462
0.17327
0.16632
0.16466
0.15884
0.17586
0.16946
0.1735
0.1725
0.17047
0.16711
0.16267
0.16218
0.16349
0.16338
0.16818
0.16999
0.16993
0.17159
0.1712
0.17196
0.17981
0.18144
0.18117
0.18248
0.1837
0.18032
0.17663
0.17882
0.17614
0.17391
0.17406
0.17325
0.16426
0.16309
0.15803
0.17101
0.17224
0.17156
0.17073
0.16718
0.16487
0.1621
0.15972
0.16193
0.16266
0.16689
0.16912
0.16978
0.17088
0.17225
0.1723
0.17663
0.17945
0.18023
0.18056
0.18061
0.17925
0.17425
0.17839
0.17491
0.1727
0.17216
0.17193
0.16269
0.16041
0.15511
0.17559
0.17395
0.17111
0.16775
0.16731
0.16146
0.15915
0.15792
0.163
0.16542
0.16578
0.16951
0.16804
0.16861
0.1708
0.17334
0.1735
0.1795
0.18024
0.178
0.18004
0.17722
0.17227
0.1762
0.17281
0.17125
0.17079
0.16988
0.16191
0.1595
0.15404
0.17837
0.17574
0.17417
0.16811
0.16862
0.16381
0.15617
0.15739
0.16146
0.16531
0.16532
0.16816
0.16785
0.16825
0.17002
0.17425
0.17217
0.18011
0.17815
0.1778
0.17832
0.17541
0.17119
0.17475
0.17114
0.16933
0.16773
0.16591
0.15801
0.15625
0.15185
0.17522
0.17514
0.1775
0.16973
0.16607
0.15792
0.15926
0.15933
0.16514
0.16713
0.16519
0.16837
0.16813
0.16855
0.16912
0.1719
0.17626
0.17791
0.17931
0.17746
0.17629
0.17438
0.17132
0.17386
0.16911
0.16688
0.16603
0.16622
0.15596
0.15429
0.14856
0.17325
0.1719
0.17544
0.17239
0.17011
0.1661
0.16614
0.16372
0.16931
0.16941
0.16657
0.16857
0.16896
0.16909
0.16955
0.1724
0.17668
0.17412
0.17715
0.17767
0.17676
0.17312
0.16993
0.17259
0.16819
0.16754
0.16392
0.16352
0.15333
0.15029
0.14621
0.17501
0.1708
0.17509
0.1757
0.17451
0.17121
0.17371
0.17051
0.17317
0.16996
0.1687
0.16976
0.16901
0.16919
0.16949
0.17211
0.17289
0.1724
0.17682
0.17715
0.17529
0.17319
0.16867
0.16961
0.16785
0.16561
0.16001
0.16326
0.15248
0.14888
0.14529
0.17594
0.17198
0.1732
0.17516
0.17847
0.17514
0.17498
0.17322
0.17417
0.17406
0.17
0.17166
0.17042
0.17245
0.16956
0.17531
0.17273
0.17182
0.1776
0.17776
0.17574
0.17347
0.16587
0.16904
0.16504
0.16477
0.15622
0.15908
0.14933
0.14721
0.14465
0.17291
0.17631
0.17693
0.17765
0.17927
0.17557
0.17433
0.17666
0.17631
0.17524
0.1715
0.17452
0.17157
0.17312
0.17106
0.17485
0.171
0.17199
0.17725
0.17494
0.17627
0.17244
0.16837
0.16922
0.16607
0.16412
0.15556
0.15824
0.14934
0.14791
0.14672
0.17275
0.17738
0.17482
0.17639
0.17933
0.17234
0.176
0.17876
0.17329
0.17323
0.17027
0.17201
0.16958
0.17081
0.17038
0.17318
0.16902
0.17129
0.17408
0.1731
0.17176
0.17024
0.16204
0.16373
0.16049
0.15862
0.15332
0.15656
0.14548
0.14766
0.14447
0.17125
0.1792
0.17957
0.17994
0.18369
0.17571
0.17999
0.17951
0.18037
0.18034
0.17702
0.17605
0.17068
0.17653
0.17501
0.17456
0.17171
0.16943
0.17112
0.17277
0.17073
0.16827
0.16294
0.16117
0.15707
0.15806
0.15286
0.15256
0.14411
0.14483
0.14005
0.17198
0.18351
0.18098
0.18339
0.18675
0.17816
0.18461
0.18199
0.18474
0.18289
0.17906
0.17463
0.17414
0.17822
0.17308
0.17394
0.17372
0.16946
0.16802
0.17168
0.16494
0.16673
0.16341
0.161
0.15165
0.15583
0.14929
0.15017
0.13867
0.13875
0.1381
0.1737
0.17401
0.1781
0.183
0.18788
0.1791
0.18421
0.18112
0.18298
0.17841
0.17828
0.1704
0.17071
0.1723
0.17005
0.17061
0.16664
0.16427
0.16325
0.16276
0.15924
0.15741
0.15519
0.15382
0.14658
0.14536
0.14094
0.14376
0.13539
0.13514
0.13396
0.17565
0.17369
0.17452
0.18113
0.18194
0.17296
0.17794
0.17792
0.17892
0.17612
0.17466
0.17195
0.17106
0.16975
0.16777
0.16748
0.16381
0.16246
0.15812
0.15857
0.15706
0.15277
0.14973
0.14846
0.14449
0.14057
0.13863
0.13716
0.13236
0.13146
0.13089
0.17956
0.17898
0.18121
0.19491
0.18387
0.17714
0.18068
0.17873
0.17972
0.17573
0.17302
0.17538
0.17568
0.1685
0.16594
0.1661
0.1616
0.16245
0.15842
0.15557
0.15474
0.14867
0.14656
0.1458
0.14092
0.13998
0.13889
0.14017
0.13371
0.13527
0.13209
0.1836
0.18136
0.18288
0.1898
0.1844
0.17803
0.17705
0.17712
0.17643
0.17531
0.172
0.17331
0.17393
0.16483
0.16712
0.1664
0.16352
0.16255
0.16043
0.15793
0.15258
0.14912
0.14748
0.14369
0.14152
0.14043
0.14076
0.14199
0.13666
0.13508
0.13298
0.18741
0.18509
0.18331
0.18301
0.18496
0.17955
0.17909
0.17741
0.18113
0.17723
0.1746
0.17088
0.17447
0.16422
0.16492
0.16433
0.16206
0.16337
0.16014
0.16073
0.1548
0.15029
0.14597
0.14553
0.14231
0.14243
0.13915
0.14113
0.13721
0.13389
0.12944
