0.38947
0.39278
0.39
0.38634
0.38677
0.38651
0.38692
0.38376
0.38346
0.38383
0.38442
0.38814
0.39422
0.39427
0.39229
0.38719
0.38093
0.3822
0.37342
0.37277
0.36872
0.35164
0.34327
0.35031
0.3483
0.34843
0.34346
0.3396
0.32214
0.32569
0.31008
0.38746
0.38155
0.3855
0.38316
0.38323
0.38457
0.38431
0.38368
0.38425
0.38352
0.38637
0.38794
0.38895
0.38855
0.39009
0.38616
0.37982
0.38147
0.3735
0.37268
0.36702
0.35081
0.3466
0.35118
0.34823
0.34692
0.34014
0.33773
0.3209
0.3275
0.30976
0.38111
0.37509
0.38189
0.37776
0.38148
0.38223
0.38275
0.38087
0.37751
0.38321
0.38461
0.38387
0.37894
0.38223
0.388
0.38285
0.37705
0.37857
0.37114
0.37241
0.36767
0.35587
0.35241
0.35555
0.34817
0.34778
0.34091
0.33681
0.31957
0.3239
0.30818
0.37284
0.37007
0.37739
0.37308
0.37506
0.37649
0.37675
0.37238
0.37706
0.37705
0.37729
0.37024
0.36982
0.37214
0.3774
0.37594
0.3731
0.37493
0.36496
0.3633
0.35977
0.35307
0.35189
0.35438
0.34983
0.34364
0.33988
0.33891
0.32126
0.32108
0.30583
0.3629
0.37007
0.3704
0.3692
0.36963
0.37048
0.37185
0.37156
0.37454
0.37372
0.36849
0.35933
0.36599
0.36791
0.3719
0.37339
0.36978
0.36966
0.35403
0.35282
0.35186
0.3534
0.35199
0.35073
0.34766
0.34474
0.33995
0.33834
0.31725
0.32025
0.29302
0.35739
0.36342
0.36346
0.36263
0.36398
0.36529
0.37104
0.37095
0.36996
0.36471
0.35921
0.35519
0.36103
0.36374
0.36601
0.36851
0.36505
0.36582
0.3492
0.34349
0.34409
0.34834
0.34861
0.35207
0.34722
0.34301
0.33841
0.33594
0.30777
0.31982
0.28273
0.35105
0.35576
0.35683
0.35653
0.35758
0.36424
0.36439
0.36564
0.35785
0.35745
0.35305
0.35047
0.35705
0.36102
0.36009
0.36559
0.36082
0.35976
0.34558
0.33765
0.34383
0.34693
0.34572
0.34754
0.3456
0.34222
0.33664
0.3328
0.30437
0.31826
0.28003
0.3463
0.35055
0.35165
0.35291
0.3564
0.35909
0.35692
0.35306
0.35058
0.35245
0.35015
0.35296
0.35219
0.35834
0.36079
0.36833
0.3512
0.35027
0.33915
0.33323
0.34032
0.34535
0.33891
0.34743
0.34621
0.33912
0.3323
0.33104
0.29557
0.31383
0.27582
0.33716
0.34358
0.34588
0.34661
0.35206
0.35339
0.34649
0.34294
0.34533
0.34518
0.34394
0.34865
0.34744
0.35272
0.35795
0.36422
0.34685
0.34188
0.33285
0.33561
0.34198
0.34239
0.33674
0.35001
0.34486
0.33666
0.3265
0.3287
0.29882
0.31235
0.28399
0.33435
0.33763
0.33917
0.33734
0.33753
0.33713
0.33861
0.3362
0.34181
0.34127
0.34369
0.34987
0.34384
0.3479
0.3586
0.36081
0.34437
0.34465
0.33661
0.33697
0.33965
0.33839
0.34171
0.35146
0.34581
0.33518
0.32504
0.32095
0.2953
0.30637
0.29218
0.33239
0.33426
0.3308
0.32164
0.3266
0.32917
0.33341
0.335
0.34253
0.3376
0.34112
0.34835
0.34851
0.34737
0.35775
0.35826
0.34473
0.34484
0.34151
0.34039
0.34202
0.34236
0.34416
0.34829
0.34312
0.33406
0.32903
0.32011
0.29013
0.30552
0.28798
0.32373
0.32463
0.32365
0.31929
0.32386
0.32614
0.33145
0.33621
0.33934
0.33522
0.34145
0.34853
0.34873
0.34924
0.35624
0.35613
0.35112
0.35274
0.3502
0.34501
0.35056
0.34094
0.34267
0.34438
0.34684
0.33884
0.33013
0.31902
0.29278
0.29924
0.28682
0.31603
0.31583
0.31533
0.31684
0.31797
0.32425
0.32763
0.3329
0.33724
0.3316
0.3375
0.33927
0.34455
0.34851
0.35153
0.35406
0.3507
0.35272
0.35011
0.34638
0.34488
0.34303
0.33827
0.34241
0.34389
0.33607
0.32889
0.31784
0.29149
0.30078
0.28518
0.31122
0.31276
0.31523
0.31681
0.30542
0.31174
0.32457
0.32682
0.32894
0.33024
0.33197
0.33126
0.3376
0.34539
0.34755
0.34889
0.34691
0.34726
0.34539
0.34566
0.34168
0.33679
0.33271
0.33923
0.33919
0.33036
0.32719
0.31434
0.28751
0.30207
0.28678
0.30557
0.30977
0.3127
0.31556
0.28984
0.28916
0.31813
0.32063
0.32313
0.325
0.32567
0.32704
0.33289
0.3375
0.33912
0.3412
0.3414
0.34093
0.33898
0.33855
0.33541
0.32843
0.32441
0.32887
0.33417
0.32627
0.32332
0.30788
0.28111
0.29063
0.27301
0.29948
0.30335
0.30793
0.30848
0.30572
0.31149
0.31422
0.31606
0.32274
0.31671
0.3161
0.31821
0.32573
0.3299
0.32883
0.33098
0.32836
0.33165
0.33055
0.32906
0.3239
0.32416
0.3158
0.32118
0.32305
0.31861
0.31256
0.30622
0.28603
0.2869
0.27109
0.30011
0.30511
0.30616
0.30547
0.30443
0.30446
0.30666
0.30897
0.31512
0.30717
0.30344
0.3123
0.31001
0.31976
0.3237
0.33112
0.33098
0.33209
0.32912
0.3282
0.32541
0.32391
0.31706
0.32498
0.32611
0.31907
0.31258
0.30333
0.28444
0.28648
0.27254
0.29287
0.3005
0.30219
0.30057
0.30083
0.29676
0.29823
0.30219
0.30653
0.30263
0.30009
0.30703
0.30249
0.30932
0.31429
0.32375
0.32533
0.32946
0.33103
0.33025
0.33146
0.32718
0.32453
0.33475
0.33223
0.31997
0.31151
0.30376
0.28254
0.28144
0.271
0.28489
0.28915
0.29004
0.28791
0.29233
0.28746
0.29303
0.29548
0.30101
0.29922
0.29659
0.29939
0.30066
0.30819
0.30625
0.31463
0.32303
0.32495
0.3268
0.33164
0.33272
0.33172
0.32631
0.33204
0.32955
0.31589
0.30706
0.29908
0.28022
0.27936
0.26743
0.27442
0.27486
0.28084
0.27711
0.28332
0.27841
0.28663
0.28874
0.29906
0.29803
0.29588
0.29566
0.29961
0.30858
0.30903
0.31087
0.31831
0.32192
0.32566
0.33183
0.32728
0.32789
0.32527
0.32758
0.32245
0.31299
0.30582
0.29558
0.27774
0.27512
0.26175
0.27985
0.27934
0.28374
0.28479
0.28097
0.27092
0.27757
0.28545
0.29941
0.29509
0.2945
0.29586
0.29451
0.30501
0.30647
0.30589
0.31463
0.31808
0.32236
0.32362
0.32537
0.32096
0.31826
0.32574
0.32016
0.31009
0.30595
0.29639
0.2739
0.27151
0.25646
0.27289
0.27451
0.27163
0.28003
0.28618
0.27544
0.2775
0.27395
0.2925
0.2897
0.29336
0.29265
0.28849
0.29985
0.29952
0.30021
0.30868
0.31598
0.3169
0.32214
0.31733
0.31829
0.31062
0.32275
0.31587
0.31066
0.30062
0.29454
0.27353
0.27079
0.25399
0.27526
0.27199
0.25516
0.21832
0.266
0.2696
0.27742
0.27287
0.28377
0.28496
0.28912
0.29125
0.28291
0.29344
0.29524
0.29683
0.30132
0.30847
0.31017
0.31709
0.3164
0.30853
0.30431
0.31752
0.31268
0.30667
0.29764
0.28899
0.27161
0.26976
0.24842
0.27361
0.27319
0.2754
0.26833
0.27457
0.27086
0.27511
0.27789
0.28398
0.27593
0.27885
0.29076
0.28573
0.29036
0.28863
0.29431
0.29911
0.30235
0.3117
0.31432
0.31558
0.30458
0.29979
0.31116
0.30696
0.29905
0.2916
0.28492
0.26501
0.26152
0.24228
0.21833
0.26636
0.27904
0.27415
0.27368
0.27161
0.27765
0.27764
0.28858
0.28274
0.26983
0.28475
0.28588
0.28954
0.28634
0.2883
0.29617
0.29957
0.30802
0.308
0.308
0.30499
0.30312
0.30564
0.30098
0.29517
0.29034
0.28049
0.25468
0.25051
0.22827
0.20881
0.23338
0.2718
0.27138
0.27397
0.27375
0.27744
0.27622
0.28542
0.28294
0.27523
0.27811
0.27916
0.28692
0.2827
0.28445
0.29138
0.29533
0.29677
0.30047
0.30031
0.29324
0.29238
0.2958
0.2893
0.28766
0.27837
0.2696
0.23584
0.24051
0.20627
0.23383
0.21207
0.25612
0.2703
0.27405
0.27213
0.27683
0.27285
0.28113
0.27868
0.27089
0.27978
0.27613
0.27764
0.28183
0.28017
0.28321
0.28869
0.29272
0.29701
0.29328
0.28461
0.28214
0.28867
0.28526
0.27918
0.26903
0.26282
0.23666
0.23403
0.2029
0.24701
0.21681
0.24044
0.26069
0.27724
0.27566
0.27785
0.27552
0.2813
0.27949
0.2714
0.28217
0.27926
0.28257
0.27977
0.28516
0.28162
0.28815
0.29216
0.29581
0.29123
0.28143
0.2771
0.28705
0.28449
0.27581
0.26413
0.26057
0.23059
0.2302
0.20657
0.23058
0.2317
0.24223
0.25964
0.2778
0.27511
0.2766
0.28278
0.28348
0.27656
0.26908
0.28405
0.2789
0.28602
0.2807
0.2744
0.27911
0.28454
0.2889
0.29687
0.29116
0.28295
0.27901
0.28302
0.28243
0.27475
0.26412
0.25989
0.23779
0.23551
0.20348
0.22088
0.2355
0.23246
0.22456
0.27235
0.26849
0.27544
0.27859
0.27522
0.26908
0.25326
0.26918
0.26165
0.26771
0.27029
0.2671
0.26497
0.27727
0.27476
0.28192
0.28307
0.27224
0.26263
0.27389
0.26698
0.26506
0.2588
0.25454
0.22703
0.23027
0.19239
0.19311
0.23547
0.25054
0.24193
0.26935
0.26303
0.27611
0.27843
0.27958
0.25254
0.24025
0.26671
0.26264
0.27483
0.2702
0.26494
0.26602
0.2692
0.26711
0.27812
0.27309
0.26903
0.25499
0.2628
0.24733
0.25357
0.25029
0.24501
0.2117
0.21683
0.18645
0.18929
0.24039
0.2331
0.23243
0.26514
0.26131
0.27415
0.2748
0.27418
0.24685
0.24899
0.26309
0.26698
0.27769
0.27149
0.25843
0.25335
0.25669
0.25829
0.2658
0.26379
0.26281
0.25458
0.25446
0.23378
0.24285
0.23875
0.23403
0.19036
0.21339
0.1775
0.13346
0.17435
0.22038
0.24215
0.25958
0.24917
0.26231
0.26456
0.26283
0.24179
0.25104
0.24787
0.2509
0.26045
0.25794
0.23709
0.21702
0.23465
0.22976
0.23449
0.23849
0.22221
0.20977
0.20595
0.17944
0.19288
0.19072
0.1917
0.1291
0.17596
0.14732
0.12845
0.16421
0.19754
0.24219
0.25165
0.24046
0.2523
0.25226
0.2541
0.2469
0.24037
0.23992
0.24392
0.24542
0.2385
0.2255
0.20244
0.22131
0.21776
0.21633
0.21833
0.18592
0.17199
0.17499
0.15142
0.1471
0.15998
0.15988
0.10147
0.12761
0.11184
0.14939
0.21901
0.22385
0.25282
0.25605
0.23971
0.25425
0.25763
0.25664
0.24893
0.24962
0.25754
0.25937
0.24857
0.24792
0.23882
0.21667
0.23541
0.22346
0.22775
0.23295
0.18958
0.17865
0.19317
0.17998
0.17959
0.18907
0.17982
0.14098
0.16288
0.13452
0.13977
0.21957
0.2056
0.24379
0.24953
0.23366
0.24518
0.24586
0.24087
0.24023
0.23843
0.25551
0.25418
0.22269
0.24617
0.23222
0.22243
0.22894
0.21833
0.22255
0.21819
0.18159
0.18075
0.1819
0.17487
0.18972
0.19181
0.19258
0.16732
0.1746
0.14457
0.12677
0.19633
0.1997
0.23449
0.24805
0.24692
0.25155
0.24829
0.2549
0.24692
0.24319
0.2476
0.25365
0.21773
0.24181
0.22934
0.22763
0.22931
0.22721
0.23097
0.20482
0.169
0.17535
0.17729
0.167
0.18961
0.16791
0.17686
0.13951
0.17111
0.13004
