0.080081
0.088311
0.094306
0.093627
0.10183
0.11257
0.11939
0.13179
0.14225
0.15674
0.16818
0.18552
0.20848
0.21382
0.22369
0.22271
0.23579
0.24369
0.24514
0.25471
0.25525
0.238
0.23411
0.248
0.23988
0.24909
0.24677
0.24194
0.22979
0.23998
0.22769
0.092778
0.086782
0.099926
0.097861
0.10887
0.12022
0.12814
0.14381
0.1546
0.16475
0.18106
0.19476
0.21047
0.21555
0.22955
0.23466
0.23829
0.25559
0.25323
0.26022
0.25869
0.24232
0.24226
0.25088
0.24404
0.25037
0.24686
0.24253
0.23064
0.2436
0.2342
0.097865
0.095983
0.10842
0.11189
0.12007
0.1309
0.14054
0.15271
0.15951
0.17709
0.19218
0.19946
0.20802
0.22227
0.23981
0.24021
0.24306
0.26003
0.25734
0.2631
0.26128
0.25098
0.25167
0.25604
0.24556
0.25328
0.24854
0.24568
0.23465
0.24316
0.23654
0.10754
0.10667
0.11825
0.12193
0.12816
0.13759
0.14854
0.15034
0.17112
0.18383
0.19461
0.1962
0.20465
0.22103
0.23786
0.2405
0.25138
0.26058
0.25733
0.26167
0.26324
0.25017
0.25339
0.25975
0.2521
0.25114
0.25114
0.25235
0.24022
0.24618
0.24084
0.11493
0.12054
0.12864
0.13208
0.14104
0.14782
0.16054
0.16733
0.18373
0.19365
0.19592
0.19137
0.21343
0.22652
0.23627
0.2483
0.25488
0.26045
0.25404
0.25552
0.26255
0.25827
0.26426
0.25575
0.25841
0.25612
0.25584
0.25719
0.24379
0.25168
0.23098
0.12632
0.13377
0.13947
0.14373
0.15502
0.16245
0.17699
0.18466
0.19477
0.19938
0.19679
0.20337
0.22028
0.22891
0.23877
0.2495
0.25927
0.25972
0.25487
0.25385
0.26061
0.2602
0.26232
0.25989
0.25714
0.26164
0.257
0.25903
0.23911
0.25427
0.22341
0.13659
0.14369
0.15002
0.15509
0.16129
0.17642
0.1859
0.1939
0.19142
0.20329
0.20243
0.2065
0.22463
0.2307
0.23968
0.25324
0.25671
0.26147
0.25695
0.25087
0.25866
0.25746
0.26128
0.25965
0.26009
0.2633
0.2627
0.25828
0.23457
0.25974
0.22751
0.14584
0.1565
0.15984
0.16605
0.17825
0.18939
0.19043
0.19409
0.19612
0.21094
0.21346
0.2214
0.22657
0.23738
0.24665
0.2607
0.25376
0.26176
0.25443
0.25086
0.2568
0.25656
0.25254
0.25806
0.26113
0.26375
0.2633
0.26196
0.23664
0.26023
0.22048
0.15191
0.16404
0.17055
0.17847
0.18934
0.19836
0.1973
0.19753
0.20851
0.21514
0.21866
0.22607
0.2287
0.23622
0.24934
0.26411
0.25188
0.25509
0.25076
0.25314
0.25795
0.2539
0.24952
0.26472
0.26451
0.2665
0.2591
0.27078
0.23862
0.2626
0.23777
0.16322
0.17663
0.18049
0.18253
0.19024
0.1951
0.20268
0.20531
0.21497
0.22133
0.22937
0.23382
0.2328
0.23705
0.25624
0.26574
0.25481
0.25699
0.25211
0.25205
0.25434
0.25234
0.25688
0.26842
0.26893
0.26583
0.26048
0.26129
0.24366
0.26202
0.25593
0.1794
0.18614
0.18667
0.18001
0.19422
0.20286
0.20826
0.21905
0.2285
0.23004
0.23744
0.24055
0.24551
0.24251
0.26016
0.26306
0.25511
0.2571
0.2539
0.25859
0.26012
0.25537
0.25782
0.26473
0.26555
0.26437
0.26234
0.25999
0.24267
0.26316
0.25456
0.18515
0.19232
0.19309
0.19146
0.20213
0.21116
0.22351
0.23073
0.23769
0.2361
0.24401
0.24793
0.25404
0.25528
0.26646
0.26614
0.26186
0.26312
0.26261
0.25861
0.26536
0.25114
0.25435
0.26387
0.27531
0.26946
0.26473
0.26016
0.24308
0.25254
0.25161
0.18859
0.19479
0.20086
0.2031
0.208
0.21961
0.2315
0.23521
0.2425
0.23869
0.2468
0.25235
0.25765
0.26112
0.26714
0.26525
0.26279
0.26312
0.25893
0.25713
0.25476
0.25165
0.25112
0.26085
0.27342
0.26869
0.26411
0.26205
0.24075
0.25326
0.25059
0.19124
0.20355
0.21106
0.21749
0.21177
0.22094
0.23313
0.23528
0.24554
0.24532
0.2529
0.25555
0.26178
0.26407
0.2635
0.26646
0.26195
0.25933
0.25738
0.25577
0.25275
0.24832
0.25309
0.26432
0.26895
0.26488
0.26704
0.25778
0.24475
0.25953
0.25619
0.19662
0.2111
0.21759
0.2258
0.17182
0.16755
0.23483
0.23827
0.24585
0.2479
0.25221
0.25659
0.26177
0.25779
0.26333
0.2625
0.25284
0.2493
0.25011
0.25049
0.2496
0.24203
0.24293
0.2526
0.26357
0.2631
0.26454
0.24935
0.23384
0.25195
0.24226
0.20063
0.20852
0.21738
0.22199
0.22474
0.23406
0.23856
0.24369
0.24865
0.24637
0.24726
0.25297
0.25623
0.25462
0.25585
0.25036
0.23926
0.24351
0.24352
0.24125
0.23861
0.23673
0.23104
0.24183
0.24928
0.25375
0.25127
0.24933
0.24348
0.25318
0.24744
0.20517
0.21656
0.22322
0.22925
0.23
0.23775
0.24218
0.246
0.24884
0.24518
0.2424
0.25327
0.24838
0.25378
0.25618
0.25801
0.25266
0.25415
0.24778
0.24639
0.24615
0.24054
0.23317
0.24853
0.256
0.25487
0.26099
0.25916
0.25209
0.26074
0.25606
0.20518
0.21984
0.22655
0.2336
0.23472
0.2346
0.23913
0.24566
0.24939
0.24391
0.24418
0.25537
0.24436
0.24858
0.25522
0.25573
0.25274
0.25826
0.25528
0.25134
0.25729
0.2523
0.25236
0.26713
0.26981
0.26318
0.26353
0.26427
0.25358
0.26075
0.26022
0.20346
0.21629
0.22357
0.22818
0.23354
0.23323
0.23778
0.24227
0.24906
0.245
0.24544
0.24739
0.2512
0.25305
0.25358
0.25656
0.25754
0.25723
0.26079
0.25791
0.26316
0.26202
0.26329
0.27321
0.27677
0.25838
0.26555
0.26342
0.25403
0.26184
0.26236
0.1919
0.20781
0.21791
0.21648
0.22751
0.22566
0.2351
0.24123
0.24957
0.2466
0.2463
0.25039
0.25468
0.26118
0.25983
0.25838
0.26275
0.26032
0.26162
0.26774
0.25883
0.26646
0.26832
0.27374
0.27133
0.25862
0.26562
0.26375
0.25561
0.26156
0.26251
0.21141
0.22065
0.22563
0.22875
0.22797
0.22378
0.22977
0.23958
0.25557
0.24767
0.25215
0.25394
0.25535
0.26251
0.2612
0.26484
0.26425
0.26343
0.26549
0.26237
0.26353
0.26134
0.2683
0.27774
0.27457
0.26627
0.27521
0.27148
0.26088
0.26767
0.26524
0.21308
0.21959
0.2208
0.23134
0.23889
0.23174
0.23223
0.22898
0.24883
0.24779
0.25414
0.2502
0.25128
0.25957
0.26128
0.26444
0.26354
0.2673
0.26422
0.26533
0.26204
0.26289
0.26277
0.28502
0.27857
0.27976
0.27918
0.27273
0.26743
0.27404
0.26896
0.21682
0.21963
0.19995
0.15071
0.22304
0.23408
0.2395
0.23135
0.24191
0.24418
0.25163
0.2517
0.25132
0.25716
0.26454
0.26343
0.26372
0.26605
0.25826
0.26552
0.26141
0.25386
0.25634
0.28433
0.28006
0.27722
0.27871
0.2777
0.2737
0.28111
0.27084
0.21428
0.22174
0.22523
0.22105
0.23836
0.24036
0.24534
0.24514
0.24776
0.23734
0.24491
0.25208
0.25526
0.25801
0.26165
0.26537
0.26089
0.2597
0.26586
0.26867
0.26848
0.2529
0.25553
0.27936
0.27752
0.2793
0.28115
0.2802
0.27367
0.28113
0.27164
0.16705
0.21537
0.22932
0.22788
0.23663
0.24304
0.24659
0.24758
0.25713
0.24283
0.23857
0.24707
0.25735
0.26041
0.25993
0.261
0.26203
0.26032
0.26575
0.26676
0.26679
0.26489
0.26975
0.27954
0.27837
0.27934
0.28487
0.28109
0.27092
0.27605
0.26159
0.14836
0.18531
0.22335
0.22721
0.23643
0.24238
0.24631
0.24742
0.25114
0.24919
0.24455
0.24144
0.24757
0.25596
0.25749
0.25809
0.26107
0.25785
0.26239
0.26515
0.26114
0.25555
0.26266
0.27069
0.27067
0.27618
0.2812
0.27621
0.24998
0.26924
0.23838
0.1697
0.15691
0.20645
0.22249
0.23495
0.23885
0.24286
0.24335
0.24775
0.24623
0.24555
0.24815
0.2437
0.24401
0.26026
0.25452
0.25569
0.25865
0.26214
0.26234
0.25403
0.24687
0.25183
0.26786
0.27074
0.27759
0.27827
0.27461
0.25829
0.26801
0.24325
0.1771
0.15977
0.18411
0.21132
0.23084
0.23637
0.23672
0.23862
0.24986
0.24633
0.24441
0.24612
0.25107
0.24891
0.25024
0.25745
0.25302
0.25791
0.25871
0.26428
0.25657
0.24835
0.25141
0.27274
0.27629
0.27806
0.27731
0.2823
0.26161
0.26753
0.24563
0.16951
0.16586
0.18504
0.20289
0.22915
0.23136
0.23685
0.24307
0.25143
0.24178
0.24063
0.24898
0.24726
0.25554
0.24566
0.24479
0.25058
0.2547
0.25909
0.27136
0.26264
0.25423
0.26263
0.27248
0.28303
0.28061
0.27864
0.28142
0.27214
0.27497
0.24907
0.15991
0.17453
0.17785
0.16703
0.22226
0.22249
0.23486
0.23857
0.23903
0.23204
0.22995
0.23891
0.23229
0.23704
0.2392
0.23605
0.23522
0.24975
0.24679
0.25948
0.25808
0.2538
0.25554
0.27045
0.27788
0.28084
0.28086
0.27914
0.26684
0.27101
0.2361
0.13439
0.16797
0.18751
0.18104
0.21572
0.21525
0.23164
0.23491
0.2373
0.20909
0.2056
0.22986
0.23304
0.24239
0.23911
0.2381
0.24035
0.2427
0.24101
0.26101
0.25827
0.25601
0.25323
0.26672
0.26929
0.27426
0.2778
0.27772
0.25411
0.26123
0.23365
0.12713
0.17035
0.16912
0.1654
0.20769
0.20952
0.22774
0.23279
0.23256
0.20033
0.2094
0.22618
0.24049
0.24962
0.24406
0.23748
0.23075
0.23651
0.23655
0.25162
0.254
0.25724
0.26268
0.26879
0.26149
0.26861
0.27152
0.27195
0.23414
0.26113
0.22875
0.079107
0.12096
0.15616
0.17803
0.20034
0.19359
0.21113
0.22291
0.21887
0.19335
0.21715
0.20937
0.22032
0.23576
0.23321
0.21985
0.20132
0.21856
0.22093
0.22942
0.23203
0.22862
0.23341
0.23771
0.21593
0.24127
0.23818
0.24331
0.18491
0.2334
0.21075
0.065519
0.083713
0.11715
0.16913
0.18681
0.18321
0.19817
0.20286
0.20769
0.19871
0.20298
0.20374
0.21217
0.2196
0.21551
0.20901
0.19172
0.20653
0.20701
0.21824
0.21869
0.19658
0.19236
0.20274
0.17835
0.18185
0.2033
0.20971
0.15745
0.19441
0.17556
0.086746
0.14177
0.13996
0.17531
0.18402
0.17521
0.19585
0.20259
0.20282
0.19771
0.20282
0.21509
0.22184
0.21963
0.22438
0.21737
0.20278
0.22
0.21675
0.2265
0.23577
0.2048
0.194
0.21357
0.20147
0.21076
0.22686
0.22131
0.19869
0.214
0.19441
0.079441
0.14258
0.11874
0.16805
0.17287
0.16013
0.17842
0.18178
0.18222
0.18321
0.18948
0.21249
0.21778
0.20078
0.22395
0.21427
0.2058
0.21917
0.21082
0.22014
0.2261
0.20214
0.20363
0.2089
0.20459
0.219
0.23059
0.2309
0.22005
0.22716
0.21129
0.036226
0.12166
0.12153
0.14236
0.16978
0.17489
0.18443
0.185
0.19481
0.19552
0.19402
0.20743
0.22161
0.20252
0.22854
0.21794
0.21952
0.22374
0.22277
0.23155
0.21332
0.19367
0.19436
0.19732
0.20274
0.22287
0.21868
0.21979
0.17576
0.22616
0.20532
