0.040624
0.043806
0.04484
0.03789
0.040797
0.041704
0.051659
0.043772
0.044621
0.05653
0.063966
0.071497
0.073427
0.067167
0.074133
0.065642
0.066924
0.057549
0.065059
0.060922
0.056188
0.054118
0.059155
0.048627
0.068918
0.066121
0.073982
0.071799
0.066267
0.056287
0.048194
0.051634
0.041239
0.042487
0.043263
0.039091
0.043549
0.039273
0.052615
0.04052
0.051568
0.057013
0.06751
0.066615
0.068545
0.064797
0.066285
0.063795
0.064056
0.054618
0.06182
0.055798
0.052557
0.052718
0.05715
0.045937
0.069556
0.068546
0.064144
0.070868
0.064201
0.052785
0.044746
0.045948
0.042166
0.04412
0.040386
0.035968
0.044037
0.041358
0.052917
0.042299
0.052893
0.058387
0.066694
0.068782
0.06724
0.061351
0.064148
0.061378
0.063191
0.053682
0.056847
0.048865
0.047191
0.047853
0.053125
0.046384
0.069368
0.069146
0.065271
0.073855
0.061753
0.052504
0.046905
0.046391
0.040009
0.044285
0.041245
0.036081
0.052211
0.044472
0.0535
0.044692
0.055554
0.067339
0.069159
0.066988
0.070332
0.059521
0.062807
0.063334
0.063478
0.053494
0.0563
0.046123
0.0445
0.044566
0.056812
0.043945
0.071276
0.067834
0.066751
0.068299
0.062136
0.047321
0.046929
0.046265
0.040267
0.047142
0.045686
0.04029
0.051365
0.046476
0.052588
0.040181
0.056128
0.066892
0.068426
0.066269
0.063293
0.058194
0.060109
0.060189
0.060551
0.050305
0.057591
0.048783
0.047735
0.045777
0.053251
0.04105
0.070956
0.071017
0.066694
0.067488
0.059474
0.049096
0.047645
0.040153
0.049962
0.050758
0.049835
0.042623
0.051103
0.045939
0.050243
0.037105
0.046625
0.062593
0.064025
0.060849
0.06315
0.054951
0.060287
0.058453
0.054814
0.047576
0.053143
0.051297
0.050844
0.043419
0.045815
0.038072
0.06273
0.073486
0.067101
0.067863
0.062109
0.051385
0.043407
0.040458
0.048386
0.053777
0.054622
0.039487
0.048534
0.045631
0.049515
0.03991
0.050409
0.05945
0.058988
0.060277
0.060519
0.053836
0.059768
0.056857
0.054591
0.048124
0.054052
0.049947
0.045444
0.049895
0.04341
0.038035
0.063243
0.06591
0.062197
0.062919
0.061235
0.050486
0.044147
0.041316
0.052456
0.062815
0.052923
0.037938
0.044368
0.046179
0.049748
0.044378
0.051459
0.059835
0.06099
0.058722
0.057466
0.051912
0.053611
0.058525
0.052257
0.052454
0.055962
0.051607
0.045106
0.051583
0.046922
0.044129
0.060337
0.071356
0.064697
0.060738
0.059314
0.04379
0.047431
0.043306
0.058466
0.064587
0.048813
0.033738
0.044336
0.047856
0.051863
0.048575
0.053796
0.06037
0.061635
0.061214
0.058996
0.051436
0.051523
0.057144
0.050966
0.049865
0.056755
0.054527
0.049863
0.053039
0.049569
0.0505
0.063832
0.075026
0.066526
0.06474
0.060113
0.041061
0.049619
0.041041
0.063217
0.06354
0.053511
0.039755
0.049978
0.046267
0.052828
0.051839
0.060475
0.060559
0.059466
0.060027
0.061068
0.053495
0.053197
0.058845
0.053605
0.050934
0.060189
0.052415
0.051606
0.058108
0.048849
0.054169
0.065084
0.080032
0.072432
0.075431
0.060844
0.03778
0.048417
0.043603
0.058011
0.061653
0.048192
0.04282
0.053691
0.046843
0.055273
0.053645
0.058801
0.062199
0.056887
0.058344
0.060441
0.047292
0.053371
0.05778
0.05327
0.048974
0.061665
0.052734
0.047556
0.05188
0.04668
0.05881
0.071787
0.075207
0.072608
0.074978
0.063022
0.037618
0.045846
0.044243
0.053747
0.058236
0.045414
0.05003
0.055542
0.046868
0.052559
0.053932
0.0571
0.060789
0.054431
0.053873
0.05079
0.04438
0.048539
0.051787
0.048223
0.041701
0.051383
0.042549
0.0483
0.045824
0.048043
0.058169
0.071416
0.069291
0.070925
0.065699
0.059855
0.034988
0.045809
0.046314
0.051906
0.056155
0.045135
0.046105
0.053848
0.045059
0.052516
0.053945
0.056196
0.055956
0.048721
0.048231
0.049169
0.044848
0.042954
0.048896
0.045613
0.042176
0.047765
0.04415
0.045345
0.041098
0.042915
0.058133
0.066843
0.068726
0.067268
0.064904
0.059765
0.038282
0.039353
0.035216
0.051157
0.051086
0.040873
0.045945
0.049645
0.0439
0.05087
0.05225
0.053662
0.055937
0.049223
0.048628
0.051287
0.045348
0.040195
0.049357
0.043772
0.039513
0.047348
0.047845
0.045297
0.047539
0.043949
0.05854
0.061893
0.0606
0.062937
0.065699
0.054613
0.031789
0.036304
0.032921
0.051618
0.054022
0.045162
0.044658
0.050713
0.043297
0.050707
0.051201
0.054462
0.056268
0.048321
0.048585
0.05328
0.043723
0.041501
0.050189
0.043593
0.033012
0.047371
0.0536
0.047522
0.045039
0.046369
0.061089
0.062697
0.062802
0.068687
0.06549
0.058618
0.042574
0.030358
0.036187
0.053683
0.05316
0.0444
0.038045
0.048855
0.040017
0.052184
0.051794
0.054914
0.055875
0.052328
0.048244
0.05441
0.047522
0.041896
0.045637
0.047059
0.029483
0.045144
0.0503
0.05165
0.049407
0.047579
0.062505
0.067903
0.070152
0.066518
0.06885
0.064162
0.047471
0.025369
0.036255
0.041845
0.04216
0.038417
0.032576
0.042865
0.036186
0.044039
0.048623
0.054284
0.056961
0.04952
0.047891
0.052971
0.047034
0.040662
0.047665
0.047377
0.036356
0.044615
0.051451
0.05453
0.054272
0.055603
0.06288
0.066239
0.067229
0.061197
0.067336
0.063012
0.048441
0.02812
0.035446
0.037297
0.036379
0.029595
0.028581
0.037294
0.033547
0.037058
0.045624
0.050302
0.055691
0.052071
0.047839
0.051918
0.04535
0.045401
0.050154
0.051777
0.037491
0.045336
0.053446
0.052093
0.056735
0.059247
0.067647
0.063175
0.062767
0.06204
0.068157
0.061636
0.044233
0.025436
0.029135
0.045138
0.047089
0.037241
0.035107
0.043201
0.032534
0.03014
0.037705
0.050809
0.054621
0.052301
0.048419
0.049452
0.045824
0.049654
0.047259
0.047336
0.035564
0.039546
0.047994
0.049999
0.054819
0.054684
0.066743
0.064805
0.057407
0.064583
0.06302
0.051704
0.034201
0.029436
0.031011
0.041427
0.046952
0.041886
0.044349
0.049566
0.037461
0.029304
0.031535
0.037579
0.050107
0.050007
0.050984
0.051396
0.050838
0.047994
0.045475
0.044843
0.02967
0.040166
0.041301
0.046819
0.046034
0.051041
0.057805
0.061955
0.054986
0.061138
0.06162
0.052947
0.030681
0.036525
0.028299
0.043875
0.052337
0.047375
0.050361
0.053625
0.046856
0.038528
0.037586
0.035005
0.040399
0.04627
0.049047
0.050032
0.0483
0.046085
0.048072
0.046958
0.030686
0.037522
0.036979
0.045275
0.04398
0.044455
0.053805
0.057063
0.055665
0.055754
0.06114
0.039942
0.030221
0.030996
0.027968
0.047113
0.053277
0.049309
0.050081
0.050265
0.046632
0.047761
0.044001
0.040191
0.035534
0.033961
0.039431
0.049358
0.046594
0.045045
0.049689
0.046534
0.03561
0.036355
0.03328
0.039746
0.045667
0.039685
0.042592
0.048016
0.057689
0.051929
0.051821
0.0366
0.034075
0.029419
0.028126
0.036143
0.048022
0.044503
0.04538
0.045642
0.039435
0.045421
0.043256
0.041895
0.035599
0.033169
0.034837
0.045062
0.044757
0.045111
0.047025
0.043569
0.030674
0.03793
0.042182
0.041939
0.043064
0.043312
0.04094
0.047816
0.057412
0.046932
0.041493
0.036446
0.033211
0.024419
0.026817
0.023268
0.03703
0.04192
0.045118
0.038458
0.037772
0.042534
0.048266
0.039839
0.0427
0.0409
0.035274
0.034616
0.037797
0.043213
0.042974
0.040044
0.031712
0.039251
0.042133
0.038817
0.040833
0.037683
0.041819
0.04465
0.048855
0.044041
0.035723
0.036076
0.029802
0.024664
0.026199
0.024024
0.019108
0.03523
0.04282
0.036409
0.040213
0.037905
0.044858
0.043123
0.045975
0.042154
0.038628
0.037659
0.032342
0.033912
0.038348
0.038218
0.028821
0.034861
0.033582
0.037566
0.037679
0.034414
0.034259
0.030909
0.038567
0.039451
0.025963
0.032468
0.027782
0.022748
0.023402
0.025857
0.016939
0.024831
0.036114
0.035941
0.036164
0.031407
0.039325
0.04322
0.046033
0.04388
0.040165
0.032552
0.036992
0.024174
0.029516
0.032718
0.018462
0.033267
0.035474
0.036701
0.035282
0.031152
0.033619
0.025105
0.044103
0.030449
0.031439
0.03117
0.019811
0.015794
0.025775
0.014506
0.023826
0.026385
0.039728
0.0369
0.038075
0.029518
0.03864
0.040766
0.04231
0.037331
0.042112
0.039461
0.034813
0.03474
0.032636
0.026775
0.015292
0.032287
0.040256
0.032029
0.030865
0.028044
0.032348
0.02571
0.042
0.016735
0.033407
0.030975
0.02388
0.019196
0.02151
-0.0014578
0.023782
0.013985
0.035519
0.030917
0.02943
0.023659
0.031719
0.031116
0.041949
0.037799
0.042423
0.040998
0.034244
0.038375
0.038871
0.029797
0.015814
0.029155
0.033028
0.027804
0.025407
0.03017
0.023583
0.023218
0.029914
0.023167
0.032564
0.032265
0.020306
0.0082137
0.014962
-0.0065221
0.0093284
0.015125
0.030357
0.017534
0.022862
0.023157
0.030262
0.037543
0.045428
0.038654
0.038285
0.037974
0.029741
0.032777
0.037741
0.030488
0.016378
0.02098
0.02187
0.031263
0.019696
0.021654
0.018259
0.017659
0.018578
0.024762
0.0271
0.023503
0.0082069
0.0045858
0.0092681
-0.0068676
-0.0026176
0.014233
0.025368
0.015363
0.026721
0.020221
0.029401
0.035481
0.036609
0.026297
0.033315
0.035865
0.032095
0.030385
0.031409
0.022279
0.014564
0.018824
0.016769
0.023062
0.013966
0.015221
0.016989
0.013682
0.013226
0.020012
0.024767
0.017086
0.0047328
0.0039657
0.0074319
-0.0033701
-0.0057279
0.01248
0.019194
0.012728
0.025018
0.020662
0.021685
0.019263
0.024241
0.017294
0.025614
0.027975
0.025147
0.023831
0.023687
0.0095711
0.0099363
0.014079
0.011423
0.016144
0.0070858
0.0073015
0.0078333
0.0064828
0.0090892
0.0057941
0.013
0.0039485
0.0011765
0.0033534
0.0012819
0.0007701
-0.0076225
0.0022157
0.0042328
0.00069608
0.0084745
0.0073
0.010042
0.0063858
0.010512
0.0068725
0.010211
0.010361
0.011453
0.010784
0.015922
0.0064461
0.0076152
0.0068284
0.0063118
0.0086152
0.0047426
0.0052157
0.0045667
0.0039534
0.0035221
0.0033681
0.004424
0.0021652
-0.00070833
-0.001548
-0.00081127
-0.0064853
-0.0092721
-0.0054696
-0.0026422
-0.0029632
3.0392e-05
0.0028725
0.0042137
0.0038363
0.007199
0.0013309
0.005098
0.005227
0.0065074
0.0076304
0.007674
0.0038431
0.0042279
0.0042328
0.0040539
0.0035809
0.0032279
0.0025662
0.0021961
0.0027034
0.0020373
0.0013382
0.00099265
-0.00053333
-0.0022917
-0.0024157
-0.0041373
-0.0096838
-0.0087647
-0.0042304
-0.0015711
-0.0029142
0.0025569
0.0095402
0.010562
0.003976
0.0036824
0.0033235
0.0068588
0.0099216
0.008799
0.010385
0.007625
0.0031471
0.0031426
0.0026289
0.0028676
0.002076
0.0017279
0.00077059
0.00056127
-2.9412e-05
-0.00041373
-0.00098431
-0.0017328
-0.0028083
-0.0039363
-0.0044069
-0.0062819
-0.011046
-0.012274
-0.0017559
0.00043137
0.00028676
0.011747
0.010219
0.0069387
0.0035539
0.005
0.001326
0.0019005
0.0044902
0.0029686
0.00048284
0.0013162
0.00084559
0.001674
0.00073039
0.0011127
0.0007402
-0.00041422
-0.00091373
-0.0013946
-0.001676
-0.002252
-0.0034608
-0.0038431
-0.0056495
-0.0067917
-0.0081078
-0.0091539
