-0.050875
-0.053154
-0.055961
-0.058387
-0.05985
-0.061221
-0.061877
-0.063493
-0.063968
-0.064088
-0.064245
-0.063676
-0.063858
-0.064152
-0.06424
-0.063051
-0.060853
-0.062892
-0.061015
-0.06048
-0.060804
-0.060831
-0.057282
-0.057958
-0.049132
-0.049375
-0.044775
-0.044355
-0.041181
-0.044412
-0.043422
-0.038975
-0.049831
-0.052985
-0.055338
-0.057346
-0.058917
-0.060912
-0.060613
-0.062956
-0.062877
-0.063618
-0.063233
-0.063863
-0.062154
-0.064252
-0.064002
-0.062922
-0.06085
-0.062475
-0.061196
-0.061544
-0.061199
-0.060142
-0.057792
-0.057963
-0.049944
-0.048696
-0.048414
-0.042877
-0.041733
-0.044745
-0.043466
-0.036801
-0.048782
-0.052032
-0.054473
-0.056936
-0.058495
-0.060142
-0.061005
-0.062289
-0.062105
-0.063179
-0.063081
-0.063346
-0.063194
-0.063402
-0.063919
-0.063691
-0.060326
-0.063623
-0.06163
-0.061684
-0.061355
-0.06049
-0.058713
-0.057946
-0.049343
-0.047978
-0.047934
-0.043257
-0.042784
-0.043794
-0.042539
-0.037145
-0.048174
-0.05111
-0.053804
-0.056343
-0.056782
-0.059172
-0.059848
-0.061407
-0.061647
-0.06163
-0.061988
-0.062588
-0.061572
-0.063667
-0.063956
-0.063456
-0.060902
-0.063216
-0.062561
-0.062002
-0.060701
-0.060458
-0.058194
-0.05727
-0.050804
-0.049522
-0.047838
-0.045
-0.042777
-0.044728
-0.041811
-0.037936
-0.047162
-0.050292
-0.05274
-0.055071
-0.056216
-0.058025
-0.058632
-0.0604
-0.060669
-0.060289
-0.06137
-0.060975
-0.061681
-0.06235
-0.063056
-0.062333
-0.061738
-0.062892
-0.062375
-0.061564
-0.061444
-0.060137
-0.057924
-0.057436
-0.050066
-0.047941
-0.048113
-0.04548
-0.043873
-0.04463
-0.040301
-0.037929
-0.045966
-0.049069
-0.051272
-0.053792
-0.055245
-0.056924
-0.057826
-0.059343
-0.060105
-0.059591
-0.061103
-0.061306
-0.060608
-0.062027
-0.062336
-0.06215
-0.062132
-0.062885
-0.061554
-0.061176
-0.060838
-0.059772
-0.058471
-0.057225
-0.052172
-0.048625
-0.048529
-0.044738
-0.044627
-0.044691
-0.041743
-0.037319
-0.045172
-0.047939
-0.049975
-0.052762
-0.054199
-0.056
-0.057066
-0.058424
-0.058941
-0.058569
-0.05977
-0.060458
-0.061039
-0.061752
-0.062223
-0.062336
-0.06198
-0.062375
-0.061782
-0.060873
-0.060608
-0.059353
-0.058162
-0.057081
-0.052988
-0.051321
-0.049664
-0.046309
-0.044453
-0.044032
-0.041826
-0.036775
-0.044196
-0.046233
-0.048757
-0.051689
-0.053123
-0.054713
-0.055949
-0.057275
-0.057775
-0.057039
-0.058711
-0.059358
-0.060098
-0.060826
-0.061816
-0.061701
-0.061743
-0.061436
-0.061186
-0.060103
-0.059725
-0.058819
-0.057561
-0.056473
-0.05411
-0.04914
-0.046694
-0.046615
-0.044186
-0.044294
-0.040748
-0.036301
-0.043363
-0.044436
-0.048091
-0.050596
-0.052093
-0.053752
-0.054613
-0.05635
-0.056637
-0.054885
-0.056767
-0.057882
-0.059937
-0.059909
-0.061299
-0.061199
-0.061154
-0.06123
-0.060603
-0.059385
-0.059059
-0.058338
-0.056752
-0.055701
-0.053091
-0.048449
-0.044926
-0.043564
-0.043995
-0.043392
-0.03849
-0.03598
-0.040324
-0.043804
-0.047186
-0.049718
-0.051017
-0.052831
-0.05363
-0.05526
-0.0555
-0.053627
-0.056605
-0.05711
-0.058672
-0.059551
-0.060424
-0.06087
-0.060586
-0.060436
-0.060007
-0.059544
-0.058684
-0.057775
-0.056502
-0.054892
-0.05223
-0.047917
-0.045032
-0.040262
-0.042044
-0.042968
-0.038998
-0.03539
-0.038838
-0.043049
-0.046667
-0.048816
-0.050127
-0.051873
-0.052544
-0.054299
-0.054703
-0.053833
-0.05589
-0.057123
-0.057794
-0.059066
-0.06001
-0.060436
-0.060069
-0.059721
-0.059118
-0.057968
-0.058037
-0.056985
-0.055804
-0.053721
-0.051243
-0.050194
-0.046404
-0.037429
-0.04135
-0.041735
-0.038779
-0.035556
-0.039005
-0.04198
-0.046324
-0.047792
-0.049044
-0.05175
-0.052324
-0.054331
-0.054532
-0.053211
-0.055566
-0.056191
-0.057687
-0.058392
-0.059471
-0.059968
-0.059588
-0.059321
-0.058466
-0.057502
-0.056809
-0.05638
-0.054988
-0.053346
-0.050799
-0.049468
-0.045529
-0.040806
-0.041355
-0.041066
-0.038473
-0.035213
-0.038598
-0.041
-0.045167
-0.046875
-0.048488
-0.051203
-0.051838
-0.053235
-0.053819
-0.053613
-0.054875
-0.057083
-0.057083
-0.05773
-0.058407
-0.05926
-0.058875
-0.058409
-0.057701
-0.05675
-0.056064
-0.055176
-0.053853
-0.05239
-0.049245
-0.047375
-0.046044
-0.041059
-0.041142
-0.039748
-0.03699
-0.034502
-0.03939
-0.040566
-0.044463
-0.04565
-0.047645
-0.04975
-0.05
-0.052272
-0.052221
-0.052529
-0.054142
-0.055566
-0.055716
-0.056471
-0.057517
-0.057387
-0.057473
-0.057324
-0.056404
-0.055365
-0.054858
-0.053858
-0.052233
-0.049402
-0.048613
-0.045983
-0.044814
-0.039446
-0.03925
-0.038792
-0.036216
-0.033338
-0.035498
-0.038257
-0.043243
-0.044716
-0.045654
-0.04863
-0.048738
-0.050319
-0.050885
-0.051096
-0.052505
-0.054745
-0.054721
-0.05564
-0.055713
-0.056164
-0.056233
-0.055721
-0.054806
-0.053819
-0.053103
-0.052257
-0.051064
-0.049088
-0.046853
-0.045191
-0.041988
-0.035245
-0.036919
-0.037243
-0.034488
-0.031988
-0.032547
-0.035172
-0.0419
-0.04375
-0.044532
-0.047159
-0.047963
-0.04913
-0.047534
-0.04948
-0.051301
-0.052738
-0.052929
-0.054208
-0.054169
-0.054863
-0.054598
-0.054755
-0.053502
-0.052243
-0.051853
-0.050998
-0.050127
-0.046799
-0.045164
-0.041593
-0.038181
-0.033208
-0.033392
-0.036074
-0.033377
-0.030534
-0.034355
-0.036669
-0.040973
-0.042779
-0.044012
-0.045936
-0.046733
-0.04738
-0.047797
-0.047775
-0.05025
-0.051615
-0.051328
-0.052561
-0.05277
-0.053265
-0.053458
-0.053686
-0.052525
-0.052311
-0.050074
-0.048978
-0.048569
-0.044147
-0.04276
-0.039137
-0.037708
-0.029471
-0.031706
-0.033412
-0.032071
-0.029502
-0.034
-0.03735
-0.039578
-0.0414
-0.042363
-0.044551
-0.045471
-0.046564
-0.046983
-0.047181
-0.048924
-0.050846
-0.04975
-0.051152
-0.051316
-0.052385
-0.051772
-0.051909
-0.05077
-0.049105
-0.049297
-0.047304
-0.045949
-0.041047
-0.041022
-0.039689
-0.0379
-0.028385
-0.029848
-0.033086
-0.031218
-0.027809
-0.031816
-0.033922
-0.037779
-0.03985
-0.041083
-0.043211
-0.044559
-0.045529
-0.045576
-0.046603
-0.048304
-0.049456
-0.049551
-0.049897
-0.049189
-0.051093
-0.050922
-0.050789
-0.049047
-0.049061
-0.048637
-0.047078
-0.044547
-0.040422
-0.039022
-0.038412
-0.035841
-0.028642
-0.028725
-0.031784
-0.029358
-0.025551
-0.031142
-0.033402
-0.035206
-0.037745
-0.039029
-0.041375
-0.042223
-0.044184
-0.045429
-0.046069
-0.046694
-0.047314
-0.048181
-0.047676
-0.047326
-0.049833
-0.049578
-0.049223
-0.047368
-0.047794
-0.04712
-0.046081
-0.044578
-0.038279
-0.036385
-0.035029
-0.034194
-0.026985
-0.027289
-0.030174
-0.027635
-0.023127
-0.02786
-0.030162
-0.033061
-0.032147
-0.035515
-0.039397
-0.040453
-0.042346
-0.043326
-0.044279
-0.044858
-0.044515
-0.044944
-0.045681
-0.045647
-0.048488
-0.047738
-0.048191
-0.045909
-0.046154
-0.045017
-0.04475
-0.043047
-0.037539
-0.034885
-0.034076
-0.032696
-0.025382
-0.025956
-0.027669
-0.025635
-0.022184
-0.022598
-0.022235
-0.029238
-0.029691
-0.033304
-0.037176
-0.037667
-0.040047
-0.04213
-0.04313
-0.043779
-0.043145
-0.044066
-0.045441
-0.045363
-0.044326
-0.046181
-0.046228
-0.044556
-0.044902
-0.043586
-0.042968
-0.041792
-0.038691
-0.036735
-0.03136
-0.031083
-0.028162
-0.027196
-0.025748
-0.023662
-0.020556
-0.025387
-0.023066
-0.030478
-0.031529
-0.033525
-0.035527
-0.033301
-0.039297
-0.040348
-0.041265
-0.042216
-0.040811
-0.042547
-0.0429
-0.043248
-0.042895
-0.044201
-0.044071
-0.042571
-0.042574
-0.041397
-0.03977
-0.039637
-0.037542
-0.035164
-0.029515
-0.030449
-0.027527
-0.023738
-0.023983
-0.021804
-0.018279
-0.025919
-0.025353
-0.027895
-0.027385
-0.032304
-0.034169
-0.033493
-0.035363
-0.038252
-0.039147
-0.038684
-0.040132
-0.041007
-0.041029
-0.04186
-0.041848
-0.042338
-0.040939
-0.039596
-0.038608
-0.039559
-0.0384
-0.038319
-0.035711
-0.032691
-0.027488
-0.026333
-0.024873
-0.022422
-0.022
-0.019676
-0.016108
-0.023728
-0.026267
-0.025936
-0.027806
-0.030787
-0.030821
-0.032419
-0.033525
-0.034914
-0.036103
-0.036971
-0.037779
-0.039245
-0.039159
-0.039797
-0.039429
-0.039627
-0.039042
-0.037914
-0.038498
-0.036777
-0.036275
-0.035341
-0.032841
-0.031252
-0.027966
-0.024593
-0.023495
-0.02126
-0.01987
-0.017703
-0.013929
-0.021814
-0.024417
-0.025441
-0.025877
-0.027348
-0.0295
-0.030657
-0.031672
-0.032689
-0.032912
-0.034162
-0.034576
-0.037248
-0.037336
-0.038184
-0.037973
-0.037424
-0.036331
-0.035926
-0.035353
-0.034865
-0.034498
-0.033179
-0.030971
-0.029424
-0.023605
-0.024243
-0.021681
-0.019537
-0.017554
-0.015843
-0.01149
-0.020358
-0.022115
-0.023706
-0.0231
-0.025757
-0.027346
-0.028627
-0.029265
-0.029598
-0.031056
-0.032821
-0.031716
-0.033688
-0.034926
-0.035169
-0.034706
-0.034939
-0.034069
-0.03325
-0.032574
-0.033093
-0.031833
-0.030789
-0.027865
-0.025971
-0.021206
-0.021735
-0.017973
-0.016713
-0.015225
-0.013676
-0.0096961
-0.017706
-0.020091
-0.021279
-0.022284
-0.022782
-0.025346
-0.026887
-0.026635
-0.028424
-0.028027
-0.030463
-0.026571
-0.030363
-0.031708
-0.031596
-0.03049
-0.031605
-0.031203
-0.029373
-0.029581
-0.030115
-0.028586
-0.027532
-0.02562
-0.023331
-0.019108
-0.018912
-0.015721
-0.012831
-0.012941
-0.010799
-0.0074265
-0.016172
-0.017782
-0.019164
-0.019422
-0.021686
-0.024049
-0.024326
-0.023713
-0.025895
-0.023441
-0.027645
-0.024819
-0.027097
-0.029887
-0.029596
-0.02724
-0.028466
-0.028463
-0.028373
-0.027828
-0.026836
-0.026377
-0.02502
-0.022652
-0.02102
-0.018059
-0.016436
-0.013779
-0.010262
-0.010419
-0.0082647
-0.0057328
-0.014488
-0.015926
-0.017002
-0.018632
-0.019397
-0.021277
-0.023206
-0.02376
-0.023966
-0.023971
-0.026821
-0.026988
-0.026445
-0.027689
-0.027495
-0.027118
-0.026463
-0.026468
-0.026566
-0.025517
-0.024397
-0.023243
-0.021975
-0.020228
-0.01862
-0.015978
-0.014321
-0.011083
-0.0094828
-0.0085245
-0.005652
-0.0036275
-0.012407
-0.013846
-0.01523
-0.01651
-0.017755
-0.019814
-0.020882
-0.021044
-0.02338
-0.024113
-0.025382
-0.024875
-0.024627
-0.025223
-0.026076
-0.025792
-0.025223
-0.024407
-0.023755
-0.023103
-0.021853
-0.020701
-0.019137
-0.017348
-0.015853
-0.013664
-0.012078
-0.0097328
-0.0082353
-0.0059779
-0.0033309
-0.0012059
-0.010431
-0.011578
-0.013574
-0.014971
-0.016755
-0.018556
-0.019279
-0.020382
-0.021767
-0.022172
-0.02326
-0.023537
-0.024208
-0.023824
-0.024135
-0.023789
-0.022946
-0.022525
-0.022002
-0.020826
-0.019699
-0.018382
-0.017277
-0.015542
-0.013706
-0.011985
-0.01013
-0.0078725
-0.0061299
-0.0033627
-0.0010441
0.001652
-0.008223
-0.0094951
-0.01123
-0.012958
-0.014532
-0.015975
-0.016846
-0.018081
-0.01974
-0.020375
-0.021002
-0.021468
-0.02175
-0.021718
-0.021662
-0.021314
-0.020929
-0.019988
-0.019429
-0.018461
-0.017819
-0.016598
-0.015194
-0.013551
-0.011515
-0.0098578
-0.0079877
-0.0059461
-0.0039951
-0.0017083
0.00059559
0.0035515
-0.006049
-0.007576
-0.0093088
-0.010637
-0.011973
-0.013078
-0.014005
-0.015561
-0.016752
-0.017076
-0.018005
-0.01848
-0.018319
-0.018331
-0.018522
-0.018341
-0.017181
-0.016265
-0.016061
-0.015083
-0.01448
-0.013618
-0.01249
-0.011108
-0.0092647
-0.0077328
-0.0054314
-0.0036863
-0.0013431
0.0008799
0.002951
0.0054975
-0.0035343
-0.0051348
-0.0066446
-0.0080662
-0.0090858
-0.010233
-0.011324
-0.012934
-0.013944
-0.014127
-0.014525
-0.015446
-0.015456
-0.015517
-0.015676
-0.015748
-0.014338
-0.013998
-0.013064
-0.012154
-0.011556
-0.011027
-0.01012
-0.0087525
-0.0070074
-0.0053995
-0.0033113
-0.0014093
0.0006299
0.0024902
0.0052426
0.0082451
