0.087479
0.092115
0.095266
0.092916
0.093926
0.10168
0.10634
0.10349
0.10662
0.11465
0.1235
0.13093
0.12992
0.12875
0.13395
0.13382
0.13557
0.1362
0.14189
0.1401
0.13843
0.13638
0.13461
0.13142
0.1439
0.14215
0.14484
0.14876
0.14525
0.14268
0.14381
0.13402
0.092977
0.09533
0.097924
0.099053
0.10115
0.10327
0.10868
0.1024
0.10936
0.11733
0.12531
0.12942
0.12798
0.13136
0.13146
0.13414
0.13173
0.1335
0.13666
0.13464
0.135
0.13896
0.13838
0.13273
0.14967
0.14125
0.13895
0.1466
0.14587
0.14297
0.13892
0.13068
0.096413
0.096981
0.10067
0.10125
0.10497
0.10736
0.11166
0.10955
0.11461
0.12051
0.12699
0.12993
0.13045
0.13092
0.13337
0.13049
0.13267
0.12963
0.13873
0.1345
0.13303
0.13473
0.1425
0.13493
0.14801
0.14776
0.14519
0.15272
0.14984
0.14539
0.14109
0.13601
0.099367
0.10102
0.10425
0.10157
0.11217
0.11292
0.116
0.11579
0.1229
0.12346
0.12443
0.12868
0.13171
0.13205
0.1335
0.13073
0.13022
0.13323
0.14198
0.13445
0.12993
0.14099
0.14506
0.13609
0.1497
0.14883
0.15205
0.15104
0.14621
0.13994
0.14413
0.13448
0.10578
0.10896
0.1116
0.11042
0.11523
0.1189
0.12318
0.11786
0.12347
0.11984
0.1259
0.13199
0.13206
0.13127
0.13609
0.13416
0.13228
0.13876
0.14548
0.13757
0.13638
0.13981
0.14146
0.13158
0.15332
0.15105
0.15326
0.15148
0.14782
0.14393
0.14557
0.13148
0.10936
0.11227
0.11506
0.11564
0.11954
0.122
0.12392
0.11595
0.11715
0.12545
0.12605
0.12883
0.13368
0.13277
0.13527
0.13423
0.13958
0.14185
0.14276
0.13915
0.14077
0.14009
0.14125
0.12717
0.14681
0.15519
0.15354
0.14672
0.14992
0.14969
0.14297
0.13054
0.11403
0.11591
0.11641
0.11745
0.12256
0.12662
0.12386
0.11406
0.1206
0.12643
0.12758
0.12962
0.12998
0.1281
0.13614
0.13535
0.14204
0.14543
0.14549
0.14091
0.13562
0.14573
0.14021
0.13113
0.15564
0.15632
0.15148
0.14907
0.15303
0.15235
0.14575
0.12693
0.11705
0.12139
0.12081
0.11847
0.12062
0.12083
0.12143
0.11899
0.1232
0.12901
0.13066
0.13243
0.13025
0.12826
0.1338
0.14056
0.14353
0.14568
0.14916
0.14364
0.13802
0.14745
0.14386
0.14027
0.15211
0.15946
0.15535
0.14889
0.15166
0.1494
0.14432
0.13077
0.12243
0.12568
0.12272
0.11332
0.11495
0.12019
0.12094
0.1257
0.12813
0.13293
0.13324
0.13436
0.13159
0.13008
0.13855
0.14229
0.14416
0.1463
0.1507
0.14856
0.14524
0.15101
0.14378
0.14035
0.14849
0.15236
0.15224
0.14347
0.14754
0.14874
0.15001
0.13227
0.12314
0.12537
0.11927
0.1129
0.1197
0.12136
0.12561
0.12967
0.1339
0.13848
0.13409
0.13519
0.13654
0.13437
0.14367
0.14914
0.14735
0.14846
0.15175
0.1414
0.14476
0.14989
0.14177
0.14099
0.1511
0.1597
0.15076
0.14875
0.14735
0.14045
0.13574
0.12812
0.12009
0.12463
0.1188
0.11816
0.12374
0.12388
0.13007
0.13307
0.13456
0.13755
0.13654
0.13964
0.14101
0.13721
0.1488
0.14635
0.14508
0.14596
0.15189
0.1424
0.13705
0.13828
0.14029
0.14161
0.15177
0.15873
0.14808
0.14979
0.14836
0.13298
0.12995
0.12538
0.11765
0.12286
0.12116
0.1239
0.12943
0.12641
0.13034
0.13237
0.13544
0.13941
0.13665
0.13498
0.13829
0.14148
0.14228
0.14043
0.14017
0.13795
0.14272
0.13238
0.13369
0.13849
0.13507
0.14629
0.15576
0.15553
0.15459
0.14831
0.14134
0.13301
0.13573
0.12861
0.11801
0.12272
0.12346
0.1232
0.12821
0.12895
0.13279
0.13296
0.13358
0.13798
0.13677
0.13632
0.13988
0.1354
0.13445
0.1384
0.13569
0.13581
0.13713
0.13361
0.13246
0.1317
0.13191
0.14008
0.149
0.14659
0.14989
0.14333
0.13485
0.13394
0.13473
0.12088
0.11575
0.11859
0.11921
0.12189
0.12323
0.12142
0.12938
0.13265
0.13333
0.13399
0.13316
0.13463
0.13785
0.13498
0.13215
0.13667
0.13122
0.13531
0.13218
0.12996
0.13122
0.13194
0.12919
0.132
0.13655
0.14053
0.14555
0.14258
0.13904
0.13829
0.14493
0.13723
0.12095
0.12191
0.12147
0.12299
0.12445
0.12587
0.1291
0.13193
0.13411
0.13564
0.12906
0.13505
0.13954
0.13177
0.13427
0.13845
0.13281
0.12992
0.13169
0.12854
0.13201
0.13331
0.12873
0.12616
0.13015
0.13945
0.14696
0.1509
0.14963
0.14936
0.14368
0.13888
0.12389
0.12234
0.12373
0.12138
0.12561
0.1269
0.13061
0.13246
0.13589
0.13656
0.13298
0.13668
0.13749
0.13449
0.13618
0.1347
0.13756
0.12101
0.13226
0.12853
0.14036
0.13989
0.13066
0.12933
0.13691
0.13974
0.15263
0.15643
0.15176
0.15127
0.14482
0.14155
0.11317
0.11518
0.11712
0.11553
0.12058
0.12029
0.13025
0.13386
0.13443
0.13834
0.13625
0.13817
0.13621
0.13564
0.13438
0.13397
0.13501
0.12683
0.12835
0.12944
0.13531
0.14381
0.13706
0.14225
0.14251
0.13383
0.13578
0.15331
0.15193
0.15031
0.14395
0.13983
0.10396
0.10153
0.1075
0.10682
0.11477
0.11523
0.12192
0.13204
0.13819
0.13917
0.13764
0.13638
0.13875
0.13343
0.13521
0.13871
0.13926
0.12899
0.12981
0.13777
0.13286
0.13551
0.14478
0.14911
0.14358
0.1283
0.13511
0.15447
0.15132
0.14814
0.13979
0.13897
0.12098
0.12168
0.1156
0.1182
0.1197
0.11699
0.11549
0.12546
0.13607
0.14131
0.14237
0.13902
0.13535
0.13368
0.13838
0.14047
0.13979
0.12907
0.12955
0.13222
0.13387
0.13464
0.14121
0.1493
0.14521
0.12479
0.13963
0.15058
0.1516
0.14446
0.14507
0.14166
0.12085
0.12552
0.1242
0.12625
0.13031
0.12489
0.11432
0.11573
0.12478
0.1412
0.14285
0.14125
0.13869
0.13922
0.13999
0.13889
0.13674
0.12626
0.12831
0.12595
0.1339
0.12747
0.13673
0.1456
0.15079
0.13582
0.14767
0.15309
0.15514
0.14631
0.15362
0.14499
0.11407
0.12449
0.12616
0.12928
0.13545
0.13386
0.12716
0.12111
0.11904
0.12622
0.13795
0.1393
0.13714
0.13932
0.13803
0.13929
0.13948
0.12368
0.12329
0.12221
0.1262
0.11951
0.11833
0.13454
0.15274
0.14941
0.14851
0.15725
0.14866
0.14743
0.15436
0.14576
0.11215
0.11843
0.12348
0.12803
0.13058
0.13092
0.13261
0.13179
0.1309
0.11986
0.12343
0.13294
0.13667
0.13534
0.13601
0.13787
0.13802
0.12287
0.12
0.12341
0.12586
0.12176
0.11319
0.13033
0.14234
0.15073
0.15308
0.15188
0.14613
0.15258
0.15128
0.1426
0.10919
0.11751
0.12217
0.12434
0.12368
0.12578
0.13114
0.13059
0.13039
0.12524
0.11852
0.12001
0.13368
0.13532
0.1354
0.13688
0.13727
0.12182
0.12043
0.12824
0.13144
0.13237
0.13808
0.14279
0.14495
0.15205
0.15019
0.14977
0.14815
0.15301
0.14806
0.13924
0.10295
0.11291
0.12245
0.1237
0.11936
0.12019
0.12681
0.13016
0.12538
0.13073
0.13173
0.12282
0.12009
0.12389
0.13257
0.13459
0.13385
0.12219
0.12998
0.13183
0.13299
0.1296
0.13546
0.13863
0.14281
0.14851
0.15031
0.14516
0.14751
0.14839
0.14742
0.13573
0.10047
0.10369
0.11953
0.1229
0.11589
0.12074
0.12121
0.1261
0.12745
0.13207
0.13077
0.12773
0.12296
0.11559
0.12562
0.13227
0.1331
0.12257
0.12977
0.12573
0.12734
0.12579
0.12967
0.13533
0.13119
0.14173
0.14732
0.13726
0.14545
0.14474
0.14455
0.1325
0.10433
0.098708
0.10834
0.11949
0.12135
0.12016
0.12028
0.12582
0.12593
0.12841
0.12572
0.13172
0.1218
0.12209
0.1163
0.12741
0.13172
0.11349
0.13048
0.13194
0.1282
0.13095
0.1253
0.13426
0.13054
0.14492
0.13866
0.14206
0.14948
0.14225
0.13889
0.13757
0.093559
0.09955
0.10871
0.11545
0.1192
0.11656
0.11771
0.12348
0.12658
0.12645
0.12223
0.12979
0.1247
0.12547
0.12404
0.11832
0.11829
0.10814
0.12582
0.13
0.12909
0.12795
0.1281
0.13325
0.13198
0.14419
0.12439
0.14901
0.14793
0.14751
0.14013
0.12879
0.042558
0.099773
0.096882
0.11077
0.11608
0.11505
0.10992
0.1163
0.12011
0.12451
0.12216
0.12789
0.12559
0.12264
0.12884
0.13036
0.12213
0.10747
0.12389
0.12731
0.12652
0.12761
0.12969
0.1261
0.12933
0.1378
0.13306
0.15098
0.14931
0.14224
0.13001
0.12924
0.027974
0.084813
0.09396
0.10783
0.10713
0.10316
0.10913
0.11583
0.12093
0.12673
0.12257
0.12596
0.1227
0.1216
0.12817
0.13107
0.12386
0.10631
0.11672
0.12562
0.12849
0.12163
0.12567
0.12571
0.12701
0.12876
0.13532
0.14848
0.14202
0.12522
0.11766
0.12397
0.034507
0.055283
0.094573
0.10291
0.1014
0.10412
0.10657
0.11531
0.12032
0.11984
0.11472
0.11994
0.12299
0.12073
0.12749
0.12915
0.11639
0.10361
0.11622
0.1199
0.12495
0.11803
0.12141
0.12705
0.12548
0.12149
0.138
0.14401
0.13117
0.1167
0.1197
0.10799
0.046247
0.043134
0.093862
0.096632
0.095776
0.1043
0.10303
0.10521
0.10935
0.10797
0.10493
0.11565
0.11889
0.11499
0.1251
0.12035
0.10092
0.095502
0.11271
0.11224
0.11914
0.10797
0.1103
0.11508
0.11824
0.11833
0.12295
0.12999
0.11975
0.11729
0.12182
0.097225
0.048342
0.036764
0.083625
0.084209
0.084683
0.092564
0.091598
0.096296
0.10081
0.09911
0.088756
0.10454
0.10495
0.10908
0.11568
0.11405
0.0936
0.092446
0.099627
0.10707
0.11323
0.10024
0.1058
0.10683
0.10676
0.11414
0.11919
0.11953
0.11528
0.1107
0.11045
0.096671
0.030062
0.034247
0.077281
0.076884
0.075243
0.080335
0.087505
0.0906
0.091519
0.095963
0.089653
0.095485
0.099727
0.10674
0.11185
0.10571
0.087183
0.089447
0.096888
0.089514
0.10046
0.096404
0.092904
0.093079
0.095683
0.10534
0.11408
0.11262
0.10683
0.1006
0.10267
0.094521
0.034531
0.041897
0.078837
0.078602
0.079209
0.091599
0.096618
0.099636
0.095459
0.10218
0.095235
0.1031
0.10889
0.11777
0.11804
0.11149
0.093459
0.091028
0.088531
0.082838
0.090034
0.086196
0.074946
0.067502
0.075093
0.089196
0.098279
0.10407
0.099764
0.094945
0.0606
0.071041
0.020564
0.028358
0.079391
0.075769
0.089324
0.091282
0.093668
0.093997
0.096864
0.096681
0.095392
0.099272
0.10746
0.10517
0.10429
0.097338
0.088339
0.07784
0.069804
0.069759
0.072104
0.059775
0.056794
0.054078
0.067353
0.081931
0.069983
0.086271
0.086286
0.081767
0.074449
0.090915
