-0.010998
-0.0097206
-0.010768
-0.010679
-0.0097966
-0.011322
-0.0093583
-0.011012
-0.010322
-0.0084873
-0.007523
-0.0076569
-0.0082799
-0.0098142
-0.0085789
-0.007552
-0.0069544
-0.0094951
-0.007275
-0.0077015
-0.0095417
-0.01027
-0.0075029
-0.010811
-0.0062309
-0.0074387
-0.0066426
-0.007527
-0.0061181
-0.0092882
-0.0095392
-0.0091054
-0.010208
-0.010442
-0.011267
-0.010436
-0.0089299
-0.011627
-0.009499
-0.011806
-0.008777
-0.0092603
-0.0069005
-0.008848
-0.0087696
-0.010027
-0.0093064
-0.0077824
-0.0066103
-0.0099779
-0.0079436
-0.0085186
-0.010292
-0.0099083
-0.0077971
-0.010592
-0.0054245
-0.0074181
-0.0077701
-0.007027
-0.0069025
-0.00965
-0.010167
-0.0082721
-0.010317
-0.010206
-0.011353
-0.011273
-0.0096912
-0.011883
-0.010559
-0.011537
-0.010054
-0.0093922
-0.0083593
-0.0088755
-0.0085804
-0.0106
-0.0093559
-0.0085441
-0.006876
-0.010393
-0.0090691
-0.0089789
-0.011571
-0.010562
-0.0086936
-0.01114
-0.0056525
-0.0066206
-0.0088113
-0.0070613
-0.0068132
-0.0085897
-0.0095324
-0.0085029
-0.010518
-0.010613
-0.01133
-0.011372
-0.0094804
-0.011782
-0.010221
-0.011241
-0.0090417
-0.0089975
-0.0083142
-0.0086971
-0.0083824
-0.010316
-0.010218
-0.0092216
-0.0076059
-0.010451
-0.0093662
-0.0098848
-0.011314
-0.011138
-0.0084931
-0.010826
-0.0058652
-0.0070789
-0.008474
-0.007626
-0.0070152
-0.0095696
-0.009451
-0.0084951
-0.011341
-0.011084
-0.01064
-0.0113
-0.0097461
-0.01149
-0.010752
-0.012064
-0.0094912
-0.0082647
-0.0092647
-0.0081211
-0.008624
-0.010221
-0.0096775
-0.0086794
-0.008326
-0.010814
-0.0091422
-0.0092887
-0.011081
-0.010974
-0.0093407
-0.011099
-0.0058309
-0.0071613
-0.0086814
-0.0075588
-0.0066598
-0.0096926
-0.0089275
-0.0088725
-0.010765
-0.010782
-0.0098873
-0.011473
-0.010346
-0.011922
-0.010789
-0.012387
-0.010874
-0.0079216
-0.0094706
-0.0092333
-0.0085995
-0.010431
-0.0096059
-0.0088343
-0.0092902
-0.011616
-0.0097971
-0.0091078
-0.010498
-0.01113
-0.01029
-0.011648
-0.0071284
-0.0071515
-0.0086922
-0.0071618
-0.0070368
-0.0085466
-0.01037
-0.0085735
-0.011748
-0.010192
-0.01028
-0.011829
-0.010877
-0.01265
-0.011525
-0.012404
-0.010358
-0.0083387
-0.0093632
-0.0092603
-0.0093676
-0.010577
-0.0097652
-0.0096789
-0.010012
-0.011518
-0.0098525
-0.0092377
-0.01123
-0.0098167
-0.010513
-0.01152
-0.0079892
-0.0091672
-0.0099779
-0.0081324
-0.0069765
-0.0082353
-0.0096377
-0.0079485
-0.010483
-0.0090294
-0.010769
-0.011473
-0.012331
-0.012572
-0.011116
-0.011836
-0.0096593
-0.0081078
-0.0083637
-0.0088676
-0.0092279
-0.0105
-0.010495
-0.0094515
-0.010306
-0.011289
-0.0098828
-0.0090534
-0.011086
-0.010069
-0.010318
-0.01124
-0.0080515
-0.0071279
-0.0088799
-0.0086569
-0.0072083
-0.010169
-0.0078338
-0.0078975
-0.010523
-0.0086176
-0.010904
-0.013358
-0.011236
-0.012253
-0.010993
-0.011684
-0.010052
-0.0082574
-0.0078407
-0.008876
-0.0097059
-0.010338
-0.011212
-0.0095118
-0.010437
-0.010858
-0.0093627
-0.0086314
-0.010334
-0.010231
-0.0098632
-0.0096701
-0.0070858
-0.0065245
-0.0074843
-0.0074588
-0.0072853
-0.011107
-0.0084
-0.0081926
-0.0094436
-0.0099608
-0.010863
-0.01256
-0.010808
-0.012411
-0.01063
-0.011612
-0.0092353
-0.0077745
-0.008701
-0.0086578
-0.0088088
-0.010257
-0.011059
-0.009625
-0.0099167
-0.01064
-0.0091377
-0.010071
-0.010609
-0.0098995
-0.010674
-0.0092505
-0.0073725
-0.0067064
-0.0079034
-0.005799
-0.0061647
-0.011481
-0.0082574
-0.0084593
-0.0094863
-0.010611
-0.011927
-0.012547
-0.010954
-0.013186
-0.010469
-0.011816
-0.0094789
-0.0082549
-0.0082966
-0.0091569
-0.0090343
-0.011498
-0.010947
-0.010146
-0.009777
-0.011123
-0.0091422
-0.010216
-0.011241
-0.010549
-0.010964
-0.0085868
-0.0074167
-0.0080784
-0.0074809
-0.0054936
-0.0061676
-0.011228
-0.0093137
-0.0071701
-0.010903
-0.011358
-0.013858
-0.011859
-0.010917
-0.014128
-0.012395
-0.012353
-0.009724
-0.010059
-0.010194
-0.010927
-0.010648
-0.011724
-0.011731
-0.010733
-0.010955
-0.012483
-0.010178
-0.011042
-0.01027
-0.011802
-0.010919
-0.0089985
-0.0071975
-0.0087819
-0.0076054
-0.0074828
-0.0054397
-0.011716
-0.010231
-0.0077069
-0.011862
-0.012097
-0.013809
-0.012599
-0.011929
-0.014993
-0.012565
-0.012598
-0.010694
-0.011072
-0.011706
-0.012575
-0.01162
-0.012039
-0.012798
-0.011895
-0.0115
-0.012361
-0.011021
-0.010702
-0.011756
-0.012804
-0.01156
-0.0093064
-0.0075123
-0.0078211
-0.0075975
-0.0071863
-0.0066824
-0.011711
-0.010716
-0.0086319
-0.013451
-0.012344
-0.015621
-0.01215
-0.012412
-0.014956
-0.012895
-0.012214
-0.011199
-0.011278
-0.012434
-0.012997
-0.011154
-0.012197
-0.013422
-0.011373
-0.012157
-0.012473
-0.011637
-0.011389
-0.011422
-0.01149
-0.011407
-0.0078789
-0.0083069
-0.0089412
-0.0068559
-0.0057824
-0.0070284
-0.012292
-0.011208
-0.0087794
-0.013092
-0.01265
-0.015235
-0.012885
-0.011763
-0.015466
-0.013425
-0.012699
-0.011331
-0.011505
-0.012194
-0.013077
-0.011505
-0.012973
-0.013535
-0.011457
-0.013091
-0.013559
-0.012265
-0.010248
-0.011377
-0.011679
-0.010922
-0.0081814
-0.0079387
-0.0082681
-0.0070686
-0.0054779
-0.0056623
-0.010956
-0.012325
-0.0089681
-0.012711
-0.013402
-0.015417
-0.014437
-0.012392
-0.015013
-0.014473
-0.012534
-0.01138
-0.011694
-0.012667
-0.013442
-0.011157
-0.012348
-0.013257
-0.013344
-0.012689
-0.01477
-0.012543
-0.011112
-0.011206
-0.011483
-0.010743
-0.0081471
-0.0077088
-0.0072221
-0.0068569
-0.0046642
-0.005501
-0.010286
-0.012684
-0.0099828
-0.01492
-0.015134
-0.015231
-0.015166
-0.014203
-0.016169
-0.013755
-0.011999
-0.012273
-0.011621
-0.013387
-0.013973
-0.011824
-0.012772
-0.01401
-0.013873
-0.013455
-0.014277
-0.013155
-0.0115
-0.011834
-0.010952
-0.0105
-0.0088407
-0.0090088
-0.0071456
-0.0084632
-0.006248
-0.0062358
-0.011191
-0.012772
-0.010005
-0.015275
-0.015197
-0.0169
-0.016576
-0.014806
-0.016505
-0.015388
-0.01341
-0.012579
-0.012118
-0.01267
-0.014449
-0.012831
-0.013527
-0.013496
-0.014284
-0.01319
-0.014542
-0.013412
-0.011571
-0.012005
-0.011328
-0.010039
-0.0081779
-0.0090373
-0.0085843
-0.0082505
-0.0060735
-0.005851
-0.012584
-0.013002
-0.010711
-0.01498
-0.014332
-0.016604
-0.016245
-0.013897
-0.017246
-0.016228
-0.01483
-0.013533
-0.013081
-0.014165
-0.014941
-0.013794
-0.013936
-0.013182
-0.0141
-0.014152
-0.014956
-0.014262
-0.012129
-0.012167
-0.011174
-0.011497
-0.0086123
-0.0090824
-0.0096985
-0.0082456
-0.0066936
-0.0089049
-0.013051
-0.012396
-0.0098216
-0.016034
-0.015638
-0.016802
-0.015045
-0.014527
-0.017309
-0.016392
-0.015605
-0.01573
-0.013708
-0.014277
-0.014397
-0.014023
-0.013488
-0.013482
-0.01574
-0.014432
-0.015427
-0.014326
-0.013652
-0.011684
-0.012532
-0.011824
-0.0094784
-0.010166
-0.010414
-0.0097044
-0.0078162
-0.0079917
-0.012768
-0.010564
-0.0091431
-0.014408
-0.013787
-0.015266
-0.013569
-0.013456
-0.016032
-0.016201
-0.015564
-0.016037
-0.014486
-0.013949
-0.013638
-0.013015
-0.014083
-0.013847
-0.015208
-0.014103
-0.016331
-0.014346
-0.014501
-0.012588
-0.013481
-0.013003
-0.010628
-0.010801
-0.0097377
-0.010132
-0.0074338
-0.0095985
-0.012277
-0.010784
-0.010459
-0.012075
-0.012152
-0.01387
-0.013969
-0.014348
-0.016178
-0.014606
-0.015861
-0.016152
-0.016225
-0.016164
-0.014545
-0.013657
-0.014808
-0.015148
-0.014434
-0.013698
-0.015637
-0.014689
-0.014515
-0.013505
-0.012902
-0.013909
-0.012018
-0.012667
-0.0097892
-0.010524
-0.0099706
-0.011103
-0.011502
-0.011279
-0.0099167
-0.012337
-0.011176
-0.0154
-0.015168
-0.015076
-0.016649
-0.015015
-0.016017
-0.016983
-0.01665
-0.016412
-0.015873
-0.014206
-0.015197
-0.015741
-0.014821
-0.01338
-0.015419
-0.013618
-0.013817
-0.013802
-0.013643
-0.014201
-0.013056
-0.01188
-0.0095892
-0.010785
-0.011424
-0.010557
-0.012417
-0.012015
-0.010361
-0.015812
-0.013289
-0.016078
-0.014263
-0.015662
-0.016684
-0.015424
-0.014635
-0.016787
-0.015507
-0.015088
-0.015446
-0.014773
-0.015454
-0.015679
-0.014785
-0.013932
-0.01414
-0.013567
-0.013218
-0.014284
-0.013027
-0.014809
-0.012069
-0.012402
-0.010289
-0.01011
-0.011959
-0.009948
-0.012625
-0.012224
-0.010059
-0.016826
-0.016553
-0.01616
-0.014934
-0.015103
-0.016317
-0.015978
-0.014518
-0.014235
-0.014155
-0.014429
-0.015799
-0.015005
-0.016329
-0.016002
-0.01535
-0.014351
-0.014434
-0.01427
-0.014667
-0.013959
-0.013988
-0.013839
-0.013403
-0.013814
-0.011226
-0.011456
-0.012902
-0.011175
-0.012724
-0.012211
-0.010642
-0.017496
-0.017473
-0.016807
-0.014767
-0.014358
-0.016208
-0.016037
-0.014738
-0.013346
-0.013694
-0.01463
-0.015674
-0.015931
-0.015099
-0.016142
-0.016172
-0.013846
-0.015225
-0.013995
-0.013688
-0.014687
-0.013885
-0.014431
-0.013466
-0.013866
-0.010208
-0.012525
-0.01238
-0.011309
-0.013127
-0.013426
-0.009652
-0.018544
-0.017301
-0.017377
-0.013581
-0.01537
-0.015989
-0.016022
-0.014363
-0.014204
-0.013699
-0.015043
-0.015258
-0.014659
-0.015118
-0.015405
-0.014361
-0.014717
-0.015439
-0.014642
-0.013195
-0.014441
-0.01416
-0.014426
-0.012453
-0.013719
-0.0094716
-0.013635
-0.011382
-0.011432
-0.013917
-0.01336
-0.011451
-0.020131
-0.017596
-0.018267
-0.015243
-0.016353
-0.01679
-0.016473
-0.015233
-0.01605
-0.014745
-0.015277
-0.013353
-0.013638
-0.015638
-0.014309
-0.01305
-0.013474
-0.015235
-0.013898
-0.012561
-0.014444
-0.014684
-0.014142
-0.013081
-0.013451
-0.010949
-0.012179
-0.011341
-0.01135
-0.013988
-0.01398
-0.013733
-0.021226
-0.01888
-0.018367
-0.016721
-0.017637
-0.016547
-0.016546
-0.016118
-0.014967
-0.014012
-0.014031
-0.013929
-0.013447
-0.015515
-0.014823
-0.013329
-0.013402
-0.014772
-0.015051
-0.014287
-0.013826
-0.015292
-0.014625
-0.013417
-0.013631
-0.011623
-0.011721
-0.012081
-0.012314
-0.013829
-0.014559
-0.014189
-0.021654
-0.020635
-0.018576
-0.017155
-0.01839
-0.015598
-0.017779
-0.0164
-0.015104
-0.014285
-0.016103
-0.014978
-0.013687
-0.015505
-0.015828
-0.015415
-0.014782
-0.015738
-0.015447
-0.014874
-0.013976
-0.015164
-0.015118
-0.013319
-0.013627
-0.013033
-0.011763
-0.01187
-0.012929
-0.014654
-0.014885
-0.014142
-0.021809
-0.020922
-0.019429
-0.019147
-0.018706
-0.015759
-0.017622
-0.016294
-0.016184
-0.01624
-0.016726
-0.01636
-0.015675
-0.015905
-0.016547
-0.016074
-0.016057
-0.016037
-0.015691
-0.015456
-0.014532
-0.015926
-0.015478
-0.014605
-0.01465
-0.013838
-0.014113
-0.013657
-0.014889
-0.014657
-0.014409
-0.014875
-0.022262
-0.021128
-0.019815
-0.01925
-0.019459
-0.018895
-0.018793
-0.017473
-0.018307
-0.017534
-0.017614
-0.017426
-0.0179
-0.01645
-0.017444
-0.015912
-0.01703
-0.0164
-0.016375
-0.016123
-0.015586
-0.016243
-0.016189
-0.015458
-0.015093
-0.014265
-0.014601
-0.014275
-0.01515
-0.014714
-0.01482
-0.014662
-0.022348
-0.021534
-0.021165
-0.020235
-0.020012
-0.019289
-0.018552
-0.017556
-0.018694
-0.017883
-0.017984
-0.018395
-0.016985
-0.016991
-0.017154
-0.016522
-0.016782
-0.016404
-0.01618
-0.016419
-0.016681
-0.016645
-0.016662
-0.01627
-0.01576
-0.015537
-0.015293
-0.015346
-0.015863
-0.015779
-0.015806
-0.016282
-0.02301
-0.021951
-0.021295
-0.020448
-0.019831
-0.018407
-0.016752
-0.016306
-0.018005
-0.017704
-0.017658
-0.017113
-0.016189
-0.016662
-0.01654
-0.016645
-0.016373
-0.016265
-0.016315
-0.016052
-0.016052
-0.016605
-0.01705
-0.016698
-0.016765
-0.016395
-0.01585
-0.016069
-0.016527
-0.016429
-0.016326
-0.017811
-0.023301
-0.022635
-0.021806
-0.020861
-0.019926
-0.018498
-0.018466
-0.018035
-0.018638
-0.017733
-0.018547
-0.0184
-0.01785
-0.017782
-0.018279
-0.017701
-0.01702
-0.016635
-0.016974
-0.016212
-0.016502
-0.017336
-0.017451
-0.017527
-0.017395
-0.017581
-0.017248
-0.017196
-0.017909
-0.017914
-0.017976
-0.018481
