0.13069
0.1355
0.13753
0.13369
0.13557
0.14118
0.14584
0.14408
0.14729
0.15602
0.16374
0.17066
0.17042
0.1725
0.17857
0.17444
0.17723
0.17651
0.18215
0.18264
0.17666
0.17638
0.1765
0.16926
0.18138
0.18275
0.18736
0.18785
0.18567
0.18102
0.17783
0.17565
0.13386
0.13939
0.13892
0.1375
0.14294
0.14225
0.14976
0.14326
0.15135
0.15917
0.16681
0.17252
0.17097
0.17455
0.17658
0.17394
0.17697
0.17505
0.17943
0.17603
0.17356
0.17584
0.17815
0.17139
0.18533
0.17989
0.1808
0.1875
0.18671
0.17802
0.17532
0.1737
0.13705
0.14129
0.14152
0.13897
0.14732
0.14615
0.15315
0.14852
0.15542
0.16439
0.16667
0.17303
0.17251
0.17379
0.17605
0.17445
0.17695
0.17239
0.1796
0.17209
0.16832
0.17098
0.18039
0.17136
0.18662
0.18383
0.18436
0.19288
0.18743
0.17856
0.17779
0.17258
0.14075
0.14667
0.145
0.14023
0.15401
0.15056
0.1583
0.15684
0.16275
0.16703
0.16949
0.17167
0.17435
0.1734
0.17587
0.17579
0.17572
0.1747
0.18054
0.17125
0.16736
0.1758
0.18483
0.17071
0.18893
0.18264
0.18881
0.19039
0.18535
0.17781
0.18014
0.17511
0.14542
0.14897
0.15062
0.14633
0.15537
0.15674
0.16317
0.15678
0.16482
0.16534
0.17
0.17138
0.1719
0.17248
0.17648
0.17485
0.17509
0.17352
0.18072
0.17378
0.17069
0.17388
0.1814
0.1662
0.18831
0.18691
0.18771
0.18882
0.18628
0.17859
0.17906
0.17056
0.15041
0.15317
0.15507
0.15404
0.15979
0.15901
0.16444
0.15568
0.15889
0.16813
0.1699
0.17188
0.17348
0.17284
0.17579
0.17296
0.17373
0.17325
0.17656
0.1742
0.17535
0.17262
0.17551
0.16139
0.18411
0.19144
0.1905
0.18514
0.18562
0.18253
0.17752
0.17019
0.15271
0.15679
0.15773
0.15455
0.16223
0.1643
0.16427
0.15475
0.15901
0.16858
0.17107
0.17101
0.17089
0.1683
0.17385
0.1724
0.17589
0.17458
0.17783
0.17441
0.16948
0.17609
0.17281
0.16249
0.18864
0.19097
0.18671
0.18348
0.18506
0.18357
0.1764
0.16925
0.15786
0.16466
0.1611
0.15353
0.16113
0.16187
0.16456
0.15855
0.1631
0.16779
0.17219
0.17292
0.17084
0.16796
0.17194
0.17684
0.17832
0.17891
0.1831
0.17745
0.1707
0.17952
0.17636
0.17001
0.18431
0.19542
0.18897
0.18194
0.18605
0.17887
0.17566
0.17101
0.16485
0.16968
0.16288
0.15315
0.1565
0.1607
0.16527
0.16616
0.16523
0.17225
0.17287
0.17417
0.1717
0.16832
0.17463
0.1789
0.17826
0.18
0.18488
0.1832
0.17751
0.18287
0.17669
0.17581
0.1845
0.18862
0.18628
0.18023
0.18042
0.17405
0.18187
0.17009
0.16481
0.17025
0.1636
0.15549
0.15824
0.16283
0.16889
0.17053
0.17279
0.17528
0.17341
0.17578
0.17697
0.1743
0.17878
0.18378
0.18151
0.18339
0.18765
0.17672
0.17648
0.18345
0.17602
0.17847
0.18725
0.20033
0.18502
0.18579
0.17845
0.16986
0.17234
0.16883
0.16317
0.17036
0.1616
0.1573
0.16395
0.1657
0.17118
0.17281
0.17453
0.179
0.1758
0.17597
0.17875
0.17417
0.18348
0.18332
0.18132
0.18022
0.18865
0.17801
0.1705
0.17342
0.17374
0.17967
0.18872
0.19588
0.18528
0.18848
0.18031
0.16663
0.16821
0.16743
0.16169
0.16837
0.16275
0.16285
0.16903
0.16771
0.17112
0.17237
0.17369
0.17714
0.17467
0.17373
0.17394
0.17439
0.1787
0.17634
0.17577
0.17115
0.17761
0.16583
0.1705
0.17196
0.168
0.18219
0.18997
0.19274
0.18795
0.1836
0.17366
0.16292
0.17212
0.16948
0.16018
0.16807
0.16475
0.16363
0.17015
0.16854
0.17068
0.17099
0.17211
0.17433
0.17155
0.17128
0.17264
0.17166
0.16956
0.17481
0.17056
0.16948
0.17226
0.16907
0.16993
0.16634
0.1652
0.17496
0.1825
0.18567
0.18188
0.18112
0.17098
0.16577
0.16713
0.1615
0.15836
0.16446
0.16292
0.16214
0.16479
0.16232
0.17011
0.17078
0.17323
0.17228
0.17086
0.17208
0.17427
0.17177
0.1669
0.17189
0.16746
0.16652
0.16995
0.16821
0.16788
0.1677
0.16421
0.1713
0.17443
0.17771
0.18201
0.18016
0.17546
0.16486
0.16906
0.16568
0.16377
0.16803
0.16568
0.16443
0.16838
0.16511
0.17053
0.17197
0.17384
0.17567
0.17148
0.17062
0.17515
0.17136
0.16901
0.1746
0.16653
0.16035
0.16958
0.16932
0.16822
0.16911
0.16696
0.16783
0.17246
0.17857
0.18518
0.18819
0.18106
0.17449
0.16829
0.16789
0.1676
0.17014
0.16809
0.1643
0.16951
0.16668
0.17091
0.17262
0.17547
0.17615
0.17414
0.17368
0.17697
0.17231
0.17003
0.17253
0.17106
0.15265
0.1687
0.1698
0.17395
0.17442
0.16927
0.17166
0.17852
0.1828
0.18814
0.19021
0.18335
0.17769
0.16486
0.16885
0.15845
0.16331
0.16083
0.15783
0.16181
0.15965
0.1681
0.171
0.17318
0.178
0.17582
0.1772
0.17491
0.17199
0.16965
0.17104
0.17054
0.16248
0.16681
0.17086
0.17375
0.17953
0.17441
0.17934
0.18141
0.17675
0.17451
0.18714
0.18112
0.17837
0.16793
0.16845
0.15176
0.15325
0.1504
0.15139
0.15387
0.1566
0.16096
0.17001
0.17541
0.17661
0.17669
0.17658
0.17432
0.16936
0.17259
0.17394
0.17535
0.1653
0.168
0.17397
0.17356
0.17274
0.18106
0.18659
0.17819
0.17299
0.17305
0.1876
0.1824
0.17494
0.1635
0.16775
0.16668
0.16879
0.16325
0.16346
0.16286
0.15546
0.15431
0.16339
0.17634
0.17789
0.17865
0.17748
0.17503
0.17182
0.17467
0.17489
0.17251
0.16494
0.1658
0.17248
0.17241
0.17127
0.17718
0.18128
0.18197
0.16837
0.17721
0.18467
0.17989
0.16923
0.16787
0.16843
0.16796
0.17057
0.16975
0.16956
0.17403
0.16598
0.15563
0.15639
0.16143
0.17799
0.18161
0.18249
0.1788
0.17429
0.17793
0.17363
0.17256
0.16063
0.16554
0.16379
0.17135
0.16325
0.17237
0.17759
0.18251
0.17197
0.18238
0.1862
0.18378
0.1678
0.1751
0.16856
0.16292
0.17218
0.17237
0.17583
0.178
0.17167
0.16835
0.16244
0.15874
0.16682
0.17788
0.18251
0.17893
0.17538
0.17591
0.17196
0.17285
0.15926
0.16243
0.15808
0.16491
0.15894
0.15623
0.16861
0.18433
0.18034
0.18127
0.18595
0.17381
0.16682
0.17398
0.16514
0.16631
0.17223
0.17267
0.17329
0.17513
0.17224
0.17355
0.17187
0.16985
0.16118
0.16299
0.17332
0.17838
0.17327
0.17481
0.17342
0.17376
0.16072
0.15807
0.15961
0.16383
0.16202
0.15026
0.16372
0.17461
0.18083
0.18171
0.17896
0.17006
0.17219
0.17122
0.16392
0.16131
0.17259
0.17059
0.17127
0.16986
0.16596
0.17153
0.17257
0.17153
0.16696
0.16017
0.16216
0.1752
0.17176
0.17455
0.17479
0.17229
0.16051
0.15896
0.16522
0.16568
0.16763
0.17112
0.17533
0.17536
0.18179
0.18071
0.17688
0.17076
0.17317
0.16619
0.15973
0.15366
0.16526
0.17193
0.17032
0.16479
0.16167
0.16777
0.17335
0.16791
0.17111
0.17188
0.16403
0.16147
0.16212
0.17208
0.17294
0.16901
0.15814
0.16619
0.16624
0.1657
0.16442
0.16531
0.17057
0.17253
0.1781
0.17806
0.17055
0.17099
0.16674
0.16271
0.16013
0.15472
0.15537
0.16839
0.1686
0.16296
0.16324
0.16414
0.17031
0.16951
0.17161
0.16972
0.16738
0.16527
0.15574
0.16371
0.16935
0.16697
0.155
0.16349
0.16173
0.1613
0.16267
0.16195
0.1649
0.16089
0.17117
0.17301
0.15981
0.16876
0.16531
0.1628
0.15866
0.15826
0.14895
0.156
0.16697
0.16421
0.16126
0.16065
0.16863
0.16769
0.17075
0.17128
0.16878
0.16372
0.16058
0.15285
0.16163
0.16653
0.14315
0.16477
0.16573
0.16267
0.16111
0.15728
0.16438
0.15811
0.17505
0.16811
0.16739
0.17113
0.16112
0.15724
0.15831
0.14545
0.15598
0.15711
0.16429
0.16396
0.16099
0.16168
0.1683
0.16952
0.16963
0.16772
0.16981
0.1664
0.16562
0.16403
0.1576
0.15587
0.13705
0.16178
0.1663
0.16178
0.16142
0.15681
0.16637
0.15893
0.175
0.15162
0.17078
0.17184
0.16526
0.15965
0.15901
0.072158
0.15369
0.14605
0.16088
0.1596
0.15912
0.15632
0.16181
0.16182
0.16818
0.16705
0.17302
0.16997
0.16477
0.16745
0.17013
0.15708
0.13955
0.16163
0.16442
0.16255
0.15866
0.15991
0.15976
0.15751
0.16773
0.15845
0.17427
0.17446
0.1665
0.14749
0.15085
0.049134
0.13548
0.14334
0.15715
0.15238
0.14838
0.15198
0.15954
0.16365
0.17018
0.1659
0.16883
0.16877
0.16262
0.16729
0.17187
0.162
0.14125
0.15481
0.16013
0.15997
0.15268
0.15685
0.15465
0.15265
0.15536
0.16025
0.17057
0.16688
0.15019
0.1322
0.14474
0.068649
0.099782
0.14216
0.15114
0.14639
0.14914
0.14754
0.15814
0.16196
0.16373
0.15703
0.16222
0.16732
0.16199
0.16393
0.16594
0.15385
0.13854
0.15008
0.1535
0.15758
0.14934
0.14967
0.15325
0.14966
0.14871
0.16043
0.1691
0.1565
0.13632
0.13346
0.13119
0.08879
0.08675
0.14391
0.14696
0.14419
0.14917
0.14929
0.15367
0.15381
0.15516
0.14763
0.1581
0.1611
0.15867
0.16375
0.16097
0.13947
0.12457
0.14927
0.14578
0.15467
0.13827
0.13371
0.13687
0.14314
0.14417
0.14615
0.15523
0.14141
0.13558
0.14339
0.12162
0.10613
0.083694
0.13833
0.13872
0.13396
0.1388
0.13763
0.14387
0.14231
0.14768
0.13786
0.14826
0.14817
0.15
0.15601
0.15202
0.12709
0.12749
0.13898
0.13715
0.14456
0.13255
0.13287
0.13268
0.13351
0.13892
0.1392
0.14094
0.13179
0.12464
0.13136
0.11471
0.08029
0.081064
0.13318
0.13438
0.13135
0.13035
0.13228
0.13594
0.13572
0.14297
0.13237
0.14087
0.14107
0.14987
0.15007
0.14397
0.11877
0.12463
0.13588
0.11364
0.1314
0.12657
0.11641
0.11776
0.12331
0.13185
0.13551
0.13774
0.12476
0.11899
0.12903
0.11535
0.080296
0.0818
0.133
0.13416
0.13146
0.13956
0.14268
0.1472
0.14247
0.1438
0.13802
0.1447
0.1496
0.15761
0.15547
0.14863
0.12616
0.12494
0.12511
0.11233
0.11968
0.11789
0.10202
0.083751
0.08744
0.10645
0.12573
0.13215
0.11681
0.11394
0.09768
0.07302
0.061259
0.073178
0.13053
0.13438
0.14046
0.14365
0.14366
0.14598
0.14341
0.14376
0.14198
0.14205
0.14978
0.14648
0.14394
0.13471
0.119
0.11194
0.090292
0.089626
0.093429
0.067347
0.061226
0.054634
0.060989
0.085848
0.06938
0.10239
0.089375
0.073347
0.080671
0.092074
