0.13015
0.13586
0.14
0.13615
0.14155
0.14623
0.1502
0.1464
0.15308
0.16431
0.17247
0.17894
0.18056
0.18074
0.18907
0.1855
0.19023
0.18568
0.19258
0.18997
0.18687
0.18505
0.19019
0.18092
0.19397
0.19315
0.19616
0.19635
0.19691
0.19137
0.18951
0.18955
0.1346
0.13873
0.1431
0.14113
0.14839
0.14556
0.15562
0.14651
0.15791
0.16713
0.17733
0.17989
0.18227
0.18405
0.18681
0.18615
0.18974
0.1854
0.19147
0.1866
0.18173
0.18719
0.18962
0.18024
0.19573
0.19224
0.19123
0.19688
0.19639
0.19084
0.18733
0.1877
0.13935
0.14417
0.14429
0.14172
0.15152
0.15149
0.15973
0.15193
0.16192
0.17134
0.1787
0.18327
0.18422
0.18423
0.18729
0.18647
0.18824
0.18449
0.18958
0.18369
0.17828
0.18293
0.19027
0.17781
0.19698
0.19613
0.19343
0.20087
0.19798
0.19169
0.18957
0.19075
0.14166
0.14914
0.1471
0.14217
0.16135
0.15614
0.16423
0.15893
0.16831
0.17783
0.18089
0.18192
0.18596
0.18467
0.18868
0.18801
0.18854
0.18628
0.18824
0.18031
0.17316
0.18437
0.1926
0.1785
0.19797
0.19408
0.19527
0.19885
0.19769
0.18708
0.19322
0.19045
0.14737
0.15316
0.15409
0.15089
0.16135
0.16138
0.16811
0.15645
0.16962
0.17847
0.18153
0.18311
0.18435
0.18229
0.18817
0.1876
0.18895
0.18439
0.19028
0.18287
0.17959
0.18244
0.19126
0.17378
0.19823
0.19752
0.19537
0.1995
0.19642
0.19014
0.19175
0.18749
0.15433
0.15693
0.16004
0.15903
0.16532
0.16391
0.16932
0.15715
0.16804
0.18091
0.18166
0.1828
0.1859
0.18363
0.18811
0.18628
0.18668
0.18279
0.18777
0.18527
0.18474
0.18161
0.18399
0.16855
0.19351
0.2004
0.19775
0.19889
0.19832
0.19424
0.19083
0.18878
0.1554
0.16232
0.16504
0.15893
0.1673
0.16744
0.17154
0.16194
0.1706
0.17914
0.18115
0.18351
0.18507
0.18109
0.18792
0.18609
0.18713
0.18359
0.18878
0.1848
0.17473
0.18815
0.17912
0.1675
0.19477
0.19719
0.19462
0.19546
0.19911
0.19597
0.19063
0.18833
0.16198
0.17086
0.16683
0.15716
0.16536
0.16844
0.17315
0.16767
0.17427
0.18302
0.18406
0.18655
0.186
0.18179
0.18454
0.1862
0.18625
0.18742
0.1905
0.18633
0.17831
0.18623
0.18422
0.17932
0.19124
0.20203
0.1979
0.19462
0.19961
0.18964
0.19393
0.19035
0.16891
0.17626
0.16952
0.15723
0.16471
0.17059
0.17371
0.17486
0.1762
0.18611
0.18745
0.18876
0.18567
0.1815
0.1848
0.18823
0.1855
0.18705
0.19104
0.19044
0.18379
0.18983
0.18574
0.18592
0.19449
0.2019
0.19805
0.19877
0.19632
0.18336
0.19773
0.19094
0.17106
0.17808
0.17197
0.16226
0.1671
0.17213
0.17857
0.17848
0.18321
0.18802
0.18676
0.18975
0.18901
0.1823
0.18726
0.19028
0.18752
0.18749
0.19367
0.18565
0.1815
0.19301
0.1858
0.18744
0.1955
0.20688
0.19848
0.20165
0.19572
0.18122
0.19116
0.19054
0.17166
0.17811
0.17142
0.16538
0.17274
0.17318
0.1801
0.18041
0.1837
0.18878
0.1888
0.18958
0.19077
0.18068
0.19028
0.18934
0.18809
0.18567
0.19481
0.18711
0.17596
0.18744
0.18337
0.19072
0.19828
0.20327
0.20018
0.20224
0.19867
0.18022
0.18856
0.19159
0.16956
0.17701
0.17124
0.17371
0.17746
0.17573
0.18024
0.18131
0.18489
0.18796
0.18509
0.18719
0.18518
0.1823
0.18591
0.18543
0.18442
0.17797
0.18661
0.17185
0.18233
0.18568
0.18212
0.19319
0.19875
0.20073
0.20061
0.19834
0.19392
0.17711
0.19244
0.19463
0.16876
0.17643
0.17382
0.17254
0.17737
0.17625
0.18108
0.18201
0.18327
0.1863
0.18513
0.18337
0.18388
0.18238
0.18011
0.18496
0.18066
0.18011
0.18498
0.1798
0.18145
0.17939
0.17944
0.19174
0.19701
0.19967
0.19785
0.19906
0.19383
0.18156
0.18564
0.18555
0.16773
0.17524
0.17234
0.17446
0.17684
0.17521
0.18251
0.18437
0.18326
0.18553
0.18397
0.18483
0.1866
0.1847
0.17853
0.18383
0.17933
0.17779
0.18198
0.18205
0.18189
0.18202
0.18049
0.1913
0.19236
0.19487
0.19793
0.20074
0.1942
0.17594
0.18334
0.18509
0.17168
0.17769
0.17538
0.1765
0.17753
0.17453
0.18075
0.18369
0.1864
0.18679
0.18438
0.18305
0.18837
0.17997
0.17917
0.18534
0.17685
0.16506
0.18224
0.18512
0.18044
0.18259
0.18236
0.191
0.19117
0.19429
0.19958
0.20188
0.19752
0.18727
0.17995
0.18717
0.17382
0.1788
0.17622
0.17269
0.17939
0.17533
0.18199
0.18454
0.18686
0.1879
0.18705
0.18596
0.18921
0.18539
0.18103
0.18247
0.18201
0.15764
0.17841
0.18313
0.18574
0.18521
0.18573
0.19143
0.19504
0.19884
0.20064
0.20373
0.20031
0.1933
0.17938
0.18931
0.16674
0.17153
0.1714
0.16672
0.17213
0.17094
0.18092
0.18483
0.18649
0.18946
0.18675
0.18635
0.18945
0.18538
0.18036
0.18311
0.18183
0.1738
0.17959
0.1844
0.18709
0.18948
0.1895
0.19475
0.19612
0.19543
0.19328
0.2013
0.19966
0.19429
0.18529
0.18829
0.16436
0.16556
0.16291
0.16051
0.16785
0.16545
0.1717
0.18268
0.18674
0.18873
0.18942
0.18569
0.18642
0.18275
0.18507
0.18569
0.18675
0.17549
0.18265
0.1875
0.18601
0.18897
0.19311
0.19848
0.19293
0.19216
0.19266
0.20356
0.20049
0.19191
0.18057
0.18714
0.17278
0.17657
0.17278
0.17203
0.17173
0.16868
0.16468
0.17601
0.18559
0.18739
0.19032
0.18767
0.18599
0.18481
0.18904
0.18676
0.18614
0.17557
0.17796
0.18511
0.18608
0.18623
0.18892
0.19583
0.19518
0.18921
0.19547
0.20052
0.19702
0.18507
0.18532
0.19144
0.17155
0.17618
0.17578
0.17776
0.18204
0.17405
0.16318
0.16829
0.17081
0.18533
0.18915
0.19031
0.18851
0.18793
0.18841
0.18493
0.18393
0.16731
0.17617
0.17854
0.18569
0.17895
0.18806
0.1935
0.19504
0.18958
0.19774
0.20017
0.19893
0.17977
0.19194
0.19091
0.1687
0.17838
0.17853
0.1822
0.18409
0.18052
0.17559
0.1741
0.16861
0.17574
0.18609
0.18862
0.18905
0.18638
0.18719
0.18567
0.18513
0.16818
0.1718
0.1727
0.18154
0.17875
0.17388
0.1865
0.19441
0.19297
0.1953
0.20045
0.18725
0.17971
0.19018
0.1874
0.17094
0.17964
0.17945
0.18158
0.18202
0.17969
0.18127
0.17972
0.17582
0.17168
0.16877
0.17959
0.18748
0.18319
0.18595
0.18563
0.18351
0.17195
0.16651
0.16791
0.1783
0.18028
0.17085
0.17885
0.18495
0.19319
0.19346
0.19548
0.18085
0.18952
0.18612
0.1851
0.16407
0.17884
0.17731
0.1775
0.17716
0.17398
0.17806
0.1803
0.17663
0.17267
0.16787
0.16875
0.18388
0.17999
0.1849
0.18544
0.18293
0.168
0.17478
0.18167
0.1801
0.18046
0.18207
0.18567
0.18643
0.19377
0.19286
0.1889
0.18674
0.18888
0.18217
0.1819
0.15949
0.17199
0.17637
0.17699
0.17274
0.16939
0.17509
0.18124
0.17459
0.17697
0.17768
0.17044
0.17403
0.17067
0.18216
0.18274
0.17986
0.16712
0.17823
0.18155
0.17754
0.1796
0.17798
0.18494
0.18612
0.19129
0.19045
0.18267
0.18628
0.18393
0.18447
0.18174
0.1565
0.15632
0.17047
0.17728
0.17039
0.17243
0.17177
0.17909
0.1782
0.17962
0.17849
0.17552
0.17608
0.16491
0.17224
0.17814
0.17743
0.16095
0.17325
0.17241
0.17178
0.17644
0.176
0.18121
0.17175
0.18306
0.18637
0.16952
0.1851
0.18084
0.18214
0.18243
0.16012
0.15104
0.15971
0.17335
0.17091
0.16854
0.16774
0.17776
0.17822
0.17995
0.17974
0.17909
0.17159
0.1732
0.15943
0.16783
0.17447
0.14053
0.17166
0.17718
0.17125
0.17279
0.16718
0.17749
0.16695
0.18859
0.17878
0.17916
0.1847
0.17243
0.16877
0.18179
0.13993
0.15703
0.16088
0.17056
0.16827
0.16821
0.16746
0.17557
0.17784
0.17689
0.17582
0.17947
0.17567
0.17051
0.1718
0.16984
0.16429
0.13548
0.17166
0.17675
0.17003
0.1713
0.16604
0.1779
0.16987
0.18712
0.1602
0.18238
0.18466
0.17742
0.17338
0.17559
0.095824
0.15174
0.14346
0.16382
0.16547
0.16466
0.15787
0.16597
0.16725
0.17579
0.1743
0.1795
0.17931
0.17248
0.17672
0.17829
0.1663
0.13445
0.16687
0.17315
0.16763
0.16342
0.16757
0.16371
0.1642
0.17603
0.16892
0.18489
0.18421
0.17528
0.14892
0.16288
0.082716
0.13263
0.1477
0.16193
0.15648
0.15519
0.15341
0.16518
0.17084
0.17587
0.17341
0.17531
0.17702
0.16906
0.17138
0.17948
0.16932
0.13861
0.15641
0.15969
0.16775
0.15521
0.16119
0.16017
0.1582
0.16101
0.16838
0.17928
0.17794
0.15088
0.13584
0.15359
0.091226
0.103
0.14771
0.15785
0.15068
0.15799
0.14953
0.16342
0.16755
0.16911
0.16137
0.16837
0.17545
0.1692
0.17275
0.1705
0.15673
0.13587
0.15458
0.15451
0.16009
0.15044
0.15006
0.15599
0.15585
0.15233
0.17114
0.17524
0.16454
0.14026
0.14186
0.1487
0.098755
0.092096
0.14817
0.1535
0.14789
0.15711
0.15329
0.15858
0.15829
0.1598
0.15622
0.16481
0.16757
0.16172
0.16687
0.16212
0.13719
0.12419
0.14944
0.1442
0.15471
0.13537
0.1333
0.13726
0.14394
0.14898
0.15013
0.15909
0.14195
0.13721
0.15047
0.13914
0.10434
0.09419
0.14318
0.14356
0.13698
0.14489
0.14201
0.14847
0.14967
0.15345
0.14417
0.15575
0.15394
0.15763
0.16251
0.15933
0.12888
0.13143
0.13776
0.13981
0.15085
0.13085
0.13232
0.13806
0.13661
0.14366
0.14568
0.14821
0.13781
0.1292
0.1402
0.13326
0.087127
0.090949
0.13669
0.13634
0.13004
0.13206
0.13789
0.1423
0.13828
0.15059
0.14021
0.14903
0.15359
0.15742
0.1584
0.15039
0.12405
0.13077
0.13348
0.12092
0.1325
0.12609
0.12219
0.12577
0.12925
0.13955
0.14857
0.15049
0.13217
0.12979
0.14275
0.12919
0.085358
0.086118
0.13426
0.13276
0.13089
0.14307
0.14741
0.15253
0.14841
0.1473
0.14416
0.15256
0.15836
0.16105
0.16095
0.15475
0.12464
0.12433
0.12391
0.11639
0.12319
0.12305
0.11575
0.11235
0.11282
0.11845
0.13639
0.14072
0.12182
0.12017
0.12286
0.1119
0.075402
0.075915
0.13496
0.13206
0.13958
0.14552
0.1479
0.14953
0.14978
0.14917
0.14554
0.14297
0.15243
0.14726
0.14638
0.12929
0.11196
0.11367
0.10349
0.10904
0.11037
0.10508
0.10521
0.10537
0.10727
0.10984
0.10979
0.11728
0.11492
0.10687
0.11032
0.11553
