0.31224
0.33033
0.31032
0.35296
0.32577
0.32216
0.33618
0.32927
0.34688
0.36103
0.35452
0.34769
0.33324
0.35743
0.35324
0.36932
0.3682
0.36861
0.37608
0.38816
0.30637
0.3012
0.29693
0.33458
0.32278
0.32497
0.33561
0.35102
0.34025
0.35884
0.34029
0.32567
0.34389
0.34088
0.35419
0.35891
0.34876
0.35829
0.36646
0.36253
0.2964
0.25674
0.27615
0.3342
0.33375
0.3308
0.33552
0.34963
0.34816
0.35085
0.31708
0.31846
0.33734
0.33471
0.33347
0.34963
0.34307
0.34704
0.35857
0.36386
0.30159
0.26723
0.28099
0.3323
0.33716
0.34594
0.33787
0.33746
0.34561
0.35556
0.32045
0.32323
0.32751
0.3388
0.31398
0.33212
0.33432
0.33782
0.34403
0.36134
0.31567
0.28985
0.278
0.33542
0.34823
0.34917
0.33917
0.35853
0.35538
0.35675
0.3357
0.31322
0.32134
0.32947
0.32191
0.30834
0.33235
0.3414
0.34617
0.36211
0.30575
0.27815
0.25465
0.32395
0.35039
0.33205
0.33848
0.33826
0.34584
0.34101
0.33907
0.31369
0.31631
0.32706
0.31874
0.32807
0.3393
0.34364
0.35768
0.36756
0.31443
0.28137
0.27185
0.3359
0.35134
0.33167
0.32788
0.3256
0.34799
0.34825
0.33429
0.33212
0.33467
0.33636
0.32996
0.3371
0.33462
0.33679
0.35642
0.37726
0.3221
0.2854
0.28675
0.32326
0.35015
0.32717
0.3106
0.3031
0.32969
0.34347
0.31757
0.31708
0.31622
0.32721
0.32357
0.34233
0.33993
0.33492
0.34476
0.35724
0.31893
0.22811
0.28771
0.30025
0.33237
0.3052
0.30596
0.29008
0.31547
0.32961
0.27342
0.27245
0.30522
0.31689
0.3147
0.32759
0.34382
0.33512
0.33903
0.34879
0.31398
0.23672
0.2748
0.30676
0.31579
0.29082
0.29508
0.29396
0.32818
0.31542
0.24384
0.25703
0.29318
0.3298
0.33323
0.32639
0.33915
0.32601
0.34168
0.34827
0.30548
0.25313
0.27264
0.31971
0.31708
0.29202
0.28906
0.2737
0.32621
0.3196
0.26913
0.26288
0.28865
0.31749
0.32372
0.32464
0.32679
0.32604
0.34564
0.35446
0.27593
0.2558
0.28083
0.3325
0.34037
0.30194
0.31032
0.31003
0.35484
0.35249
0.34425
0.34193
0.33497
0.3384
0.33911
0.35339
0.33955
0.34488
0.36154
0.3656
0.26464
0.264
0.31073
0.33937
0.34664
0.31678
0.31515
0.31504
0.33388
0.34436
0.35526
0.37332
0.36469
0.35625
0.3661
0.36349
0.36958
0.35558
0.35711
0.36358
0.25493
0.24793
0.3001
0.33374
0.34621
0.32397
0.32422
0.32431
0.32215
0.35329
0.34483
0.34743
0.34263
0.34932
0.35517
0.34573
0.36207
0.36067
0.36479
0.36706
0.25195
0.22968
0.25921
0.28109
0.33065
0.33019
0.31997
0.31636
0.34071
0.34936
0.33318
0.3322
0.35718
0.33324
0.33592
0.3295
0.33652
0.34436
0.35
0.3575
0.26088
0.2031
0.24612
0.27708
0.30848
0.32618
0.31092
0.31805
0.33203
0.34076
0.33261
0.31106
0.35601
0.33644
0.33423
0.31449
0.30237
0.32808
0.33751
0.35619
0.26294
0.21722
0.2686
0.29909
0.31829
0.30654
0.32142
0.30361
0.30897
0.33447
0.30469
0.30822
0.3269
0.32034
0.30799
0.30964
0.30319
0.32114
0.34271
0.33671
0.25617
0.23769
0.27997
0.3062
0.32626
0.30453
0.31176
0.30836
0.31354
0.31095
0.29747
0.30822
0.31477
0.32723
0.32222
0.31058
0.30161
0.33029
0.3406
0.35098
0.27127
0.23421
0.26224
0.29258
0.30572
0.28597
0.30476
0.31283
0.31685
0.31113
0.28448
0.2936
0.31773
0.31667
0.31596
0.29021
0.31176
0.32161
0.32609
0.34889
0.24824
0.20599
0.25774
0.30052
0.30251
0.29185
0.30578
0.30511
0.32052
0.32413
0.31573
0.31774
0.29957
0.30327
0.31765
0.29451
0.31033
0.30985
0.33559
0.35037
0.20283
0.18365
0.25259
0.31003
0.30954
0.28661
0.29265
0.29305
0.29921
0.31332
0.30875
0.29348
0.28126
0.30502
0.30469
0.30573
0.31551
0.34069
0.34876
0.35729
0.21025
0.20266
0.27544
0.29212
0.29772
0.29357
0.28574
0.28728
0.29083
0.309
0.29177
0.27911
0.28818
0.29824
0.31179
0.30412
0.32258
0.34338
0.353
0.36441
0.21784
0.18821
0.24786
0.28408
0.30136
0.30425
0.30474
0.29769
0.31877
0.32152
0.29428
0.28705
0.30047
0.30311
0.3245
0.31067
0.347
0.36774
0.3738
0.36886
0.23036
0.20197
0.21474
0.25522
0.27216
0.25008
0.27791
0.28203
0.29592
0.29875
0.28903
0.28654
0.29116
0.29742
0.31238
0.30506
0.3217
0.34463
0.33834
0.33471
0.21799
0.19712
0.19751
0.24345
0.25994
0.23352
0.28052
0.28416
0.30474
0.3085
0.30084
0.30456
0.29952
0.29739
0.30068
0.31113
0.32329
0.3395
0.34311
0.32877
0.18979
0.15712
0.18916
0.25501
0.27821
0.2911
0.28709
0.29274
0.31729
0.31884
0.31509
0.32582
0.31453
0.31425
0.31322
0.3293
0.33955
0.34841
0.35879
0.35032
0.17621
0.16716
0.19378
0.28293
0.30265
0.29495
0.30494
0.30404
0.32305
0.3307
0.31719
0.33386
0.33747
0.33245
0.33981
0.33754
0.35605
0.3442
0.35803
0.34672
0.18322
0.16662
0.19836
0.28956
0.30792
0.2913
0.29835
0.30576
0.3233
0.32846
0.32017
0.33411
0.33199
0.32549
0.33381
0.33111
0.34481
0.33824
0.34742
0.3467
0.2162
0.16698
0.22854
0.29438
0.31592
0.29896
0.30067
0.3098
0.32474
0.31611
0.31111
0.32086
0.32518
0.3224
0.32751
0.32348
0.33373
0.33894
0.34482
0.34481
0.22712
0.18196
0.24014
0.29228
0.31772
0.31445
0.30446
0.30893
0.31367
0.3248
0.30017
0.30615
0.32126
0.32835
0.32195
0.34311
0.33827
0.33466
0.3428
0.33814
0.22891
0.18773
0.25763
0.30602
0.31093
0.31793
0.30765
0.30884
0.31392
0.33155
0.31205
0.3151
0.32194
0.33184
0.33046
0.33062
0.33743
0.34041
0.32581
0.33687
0.21607
0.18418
0.2388
0.284
0.29247
0.3188
0.32113
0.32571
0.33282
0.33401
0.31824
0.31301
0.32321
0.32841
0.32268
0.32781
0.34317
0.33626
0.34236
0.34728
0.21749
0.20156
0.22712
0.29958
0.31118
0.31811
0.30559
0.32924
0.33075
0.33747
0.31184
0.28081
0.31284
0.33058
0.32762
0.33561
0.34757
0.34194
0.35304
0.35663
0.23498
0.21039
0.24505
0.28442
0.27743
0.28807
0.28292
0.31005
0.33926
0.34002
0.32468
0.31532
0.33701
0.34873
0.33406
0.34491
0.35171
0.35079
0.37066
0.37875
0.23806
0.21992
0.2662
0.29385
0.29051
0.30256
0.27376
0.29783
0.347
0.33006
0.32927
0.32905
0.33528
0.35111
0.34678
0.33832
0.34705
0.34046
0.36527
0.36458
0.25349
0.25076
0.26551
0.29472
0.27786
0.29396
0.29077
0.28373
0.31958
0.32411
0.2822
0.30649
0.32704
0.34067
0.33213
0.34518
0.34115
0.34768
0.36292
0.37144
0.26772
0.25856
0.27714
0.29305
0.27041
0.2921
0.28964
0.29041
0.28975
0.32252
0.30821
0.30732
0.3071
0.3195
0.34118
0.33806
0.34073
0.34335
0.3613
0.37267
0.26616
0.25682
0.26493
0.29106
0.29406
0.2972
0.29758
0.28635
0.30498
0.3102
0.29625
0.30316
0.31034
0.3214
0.32999
0.33913
0.34409
0.32902
0.34152
0.34847
0.26281
0.26219
0.28494
0.28908
0.2719
0.29081
0.2983
0.31169
0.29787
0.31368
0.29702
0.29093
0.29944
0.30737
0.33185
0.33178
0.34683
0.35404
0.35877
0.35594
0.25754
0.27177
0.28111
0.29517
0.30764
0.27963
0.28942
0.30073
0.32214
0.31799
0.30732
0.30517
0.285
0.32815
0.32114
0.33621
0.35104
0.36837
0.35681
0.35796
0.24721
0.26259
0.26484
0.30548
0.30702
0.29762
0.29406
0.30069
0.31314
0.31402
0.30494
0.32165
0.32523
0.33261
0.35045
0.35505
0.35499
0.37043
0.36691
0.37165
0.2476
0.25518
0.23729
0.28559
0.29341
0.29301
0.28057
0.30472
0.27521
0.28933
0.27629
0.28639
0.2924
0.30202
0.33214
0.34412
0.33992
0.35124
0.35981
0.36113
0.2495
0.2364
0.26171
0.29216
0.30878
0.30734
0.29964
0.29922
0.28258
0.2992
0.29476
0.2946
0.28956
0.31473
0.33081
0.33493
0.33333
0.33795
0.34627
0.34106
0.24322
0.23025
0.25845
0.2713
0.29198
0.29183
0.26384
0.26999
0.294
0.29983
0.28644
0.29933
0.32145
0.33204
0.31072
0.33254
0.34455
0.34212
0.33749
0.34802
0.23203
0.22362
0.25804
0.26848
0.27881
0.27453
0.26013
0.2592
0.28877
0.31211
0.29098
0.29765
0.31236
0.31395
0.29684
0.2999
0.31558
0.33005
0.33256
0.33798
0.22739
0.21945
0.2447
0.26178
0.26356
0.23791
0.25424
0.26681
0.296
0.30923
0.29744
0.30421
0.31595
0.30616
0.31978
0.31263
0.32089
0.33496
0.3389
0.35445
0.21731
0.18805
0.23616
0.2657
0.2485
0.21919
0.23829
0.26064
0.28133
0.28587
0.28324
0.28657
0.28232
0.28655
0.29998
0.30074
0.32321
0.33703
0.33011
0.34186
0.21842
0.19214
0.22907
0.26344
0.26466
0.26934
0.24899
0.27034
0.30164
0.30573
0.28747
0.28173
0.30441
0.31387
0.31458
0.32719
0.34115
0.34803
0.34151
0.33958
0.21
0.20339
0.21394
0.26343
0.25655
0.23679
0.25035
0.25441
0.30041
0.29846
0.2877
0.30147
0.32023
0.31811
0.30633
0.33579
0.33753
0.35911
0.34715
0.35262
0.21849
0.21372
0.21533
0.25273
0.25005
0.2345
0.22661
0.23737
0.29161
0.26713
0.28795
0.30361
0.31007
0.31842
0.3209
0.33228
0.32251
0.34605
0.32554
0.34721
0.23136
0.21796
0.23411
0.26106
0.2605
0.22893
0.23381
0.23939
0.28098
0.27712
0.29313
0.30857
0.28925
0.30519
0.31011
0.31589
0.30842
0.33049
0.33361
0.35035
0.22018
0.22866
0.24473
0.27617
0.25603
0.26183
0.25564
0.26033
0.3001
0.27695
0.29876
0.30598
0.30259
0.33358
0.33209
0.32298
0.29959
0.31723
0.31451
0.32567
0.2314
0.25629
0.27849
0.3017
0.28306
0.27185
0.25396
0.25793
0.30401
0.29798
0.3062
0.32286
0.33003
0.35331
0.35731
0.33057
0.33303
0.31686
0.34408
0.35099
0.25652
0.26548
0.27415
0.28776
0.30568
0.30342
0.26989
0.28518
0.30989
0.30454
0.2834
0.31447
0.32868
0.347
0.35567
0.34496
0.34767
0.33083
0.35643
0.36462
0.27482
0.24868
0.27421
0.30475
0.31214
0.32605
0.3042
0.2925
0.32454
0.31287
0.31929
0.3205
0.3499
0.34595
0.35902
0.35319
0.35591
0.3466
0.34491
0.35812
0.23974
0.22048
0.27542
0.31416
0.3242
0.32301
0.30153
0.30188
0.31783
0.31431
0.3268
0.32413
0.32082
0.35528
0.35653
0.36497
0.3791
0.35938
0.36987
0.36862
0.22137
0.22628
0.30945
0.34141
0.3353
0.32587
0.3294
0.33817
0.35745
0.34197
0.32111
0.33343
0.33173
0.34086
0.35558
0.36583
0.39305
0.36652
0.37866
0.38076
0.20073
0.21889
0.30301
0.35441
0.3631
0.33966
0.32334
0.33586
0.35322
0.35574
0.33564
0.33466
0.34174
0.3571
0.36022
0.3658
0.37369
0.37232
0.37599
0.36513
0.21083
0.23879
0.28622
0.33678
0.34566
0.32559
0.32797
0.32354
0.3386
0.32655
0.33488
0.34555
0.32508
0.33082
0.35219
0.3602
0.35703
0.36639
0.35999
0.37025
0.17457
0.24812
0.31575
0.34983
0.33816
0.32213
0.33653
0.32538
0.34665
0.35049
0.34912
0.3478
0.34768
0.35629
0.35303
0.3616
0.36832
0.3793
0.37302
0.37892
0.18797
0.23485
0.31513
0.35188
0.34641
0.33797
0.32965
0.32064
0.34361
0.34554
0.32774
0.35199
0.35336
0.35454
0.3647
0.36765
0.35961
0.38082
0.37327
0.37802
0.19658
0.22805
0.30841
0.35535
0.38792
0.35682
0.33175
0.33511
0.34065
0.352
0.33977
0.36588
0.36054
0.36912
0.37069
0.37995
0.39296
0.38185
0.3929
0.39398
0.14788
0.17446
0.2536
0.33395
0.34904
0.35033
0.33803
0.34343
0.36985
0.33608
0.34396
0.3554
0.34477
0.36089
0.35158
0.36539
0.34828
0.35105
0.35049
0.35175
0.20619
0.17632
0.21903
0.29363
0.30645
0.33093
0.3224
0.34602
0.34335
0.32493
0.361
0.34694
0.34605
0.36165
0.35473
0.34789
0.36021
0.33446
0.35297
0.3496
0.21983
0.19276
0.2039
0.27403
0.28688
0.29423
0.29429
0.31744
0.34052
0.34413
0.35018
0.35624
0.35727
0.36676
0.37898
0.35717
0.36605
0.36574
0.37884
0.36978
0.1375
0.11632
0.107
0.27499
0.3384
0.35238
0.32663
0.34093
0.36464
0.36515
0.366
0.35613
0.3423
0.36654
0.38703
0.37612
0.35204
0.35519
0.36088
0.37891
0.17174
0.062387
0.19505
0.32313
0.36747
0.33869
0.31102
0.33803
0.35271
0.36174
0.33625
0.32253
0.3382
0.34069
0.36611
0.34967
0.34878
0.34675
0.31797
0.25675
