0.20685
0.22917
0.23576
0.26306
0.24359
0.25141
0.25999
0.26254
0.28532
0.29567
0.29635
0.28902
0.28992
0.30274
0.30463
0.31077
0.31567
0.3149
0.32027
0.33255
0.21533
0.22417
0.22619
0.25504
0.25128
0.25662
0.27417
0.28834
0.29676
0.30149
0.29595
0.29433
0.29911
0.30145
0.30962
0.30985
0.3094
0.31726
0.32162
0.32415
0.20607
0.19263
0.2208
0.25971
0.26706
0.26707
0.2784
0.30047
0.29925
0.30567
0.29575
0.29131
0.30873
0.30481
0.3137
0.3162
0.30617
0.32085
0.32635
0.32968
0.22061
0.18972
0.22447
0.26585
0.27558
0.28521
0.28379
0.29589
0.30683
0.31405
0.29502
0.29933
0.30904
0.30118
0.29223
0.31333
0.3127
0.31284
0.3162
0.3321
0.23429
0.22121
0.24034
0.27635
0.28613
0.29416
0.29512
0.3042
0.31597
0.32107
0.3094
0.30598
0.3065
0.30873
0.29906
0.30196
0.30976
0.31577
0.32384
0.33893
0.23228
0.22334
0.21786
0.27838
0.29921
0.29302
0.29759
0.30668
0.31698
0.32309
0.32156
0.3118
0.30859
0.31233
0.30928
0.32224
0.3233
0.33506
0.3442
0.34868
0.2433
0.22561
0.23304
0.28616
0.29828
0.29363
0.29498
0.29863
0.32489
0.31608
0.31355
0.3099
0.31368
0.31518
0.31829
0.32669
0.32839
0.33702
0.34883
0.3587
0.25444
0.23492
0.25797
0.28246
0.3022
0.2932
0.28462
0.29105
0.31191
0.31032
0.30256
0.30028
0.30019
0.30923
0.31543
0.32726
0.33381
0.33753
0.35348
0.35918
0.26081
0.20664
0.25853
0.2738
0.29365
0.27969
0.27498
0.27493
0.30264
0.30196
0.26698
0.27028
0.2981
0.30441
0.31235
0.32458
0.3327
0.33764
0.34975
0.35688
0.26133
0.21231
0.25207
0.27814
0.28661
0.28113
0.27728
0.27961
0.3048
0.28287
0.24805
0.25307
0.28495
0.30809
0.32299
0.32576
0.34311
0.34989
0.35247
0.36424
0.26055
0.21782
0.25542
0.28746
0.28774
0.27764
0.27828
0.27401
0.30436
0.29741
0.25413
0.25532
0.2833
0.30993
0.32765
0.33359
0.34403
0.3555
0.36784
0.37188
0.24945
0.23137
0.26503
0.30056
0.30117
0.29182
0.3022
0.30706
0.32218
0.33221
0.32325
0.32971
0.32845
0.33742
0.34501
0.35341
0.35099
0.37069
0.3768
0.38839
0.24536
0.24167
0.28126
0.31733
0.3135
0.29836
0.31964
0.3256
0.3443
0.34525
0.34239
0.34921
0.34862
0.35584
0.35993
0.3699
0.37101
0.38022
0.3924
0.39434
0.24769
0.23809
0.2809
0.31251
0.32553
0.31696
0.32129
0.32969
0.33875
0.35292
0.33812
0.3459
0.35313
0.35837
0.36554
0.37629
0.38591
0.39145
0.39437
0.39599
0.23853
0.22223
0.25149
0.28706
0.32521
0.31996
0.32916
0.32499
0.33574
0.35193
0.33967
0.33941
0.34452
0.35156
0.35744
0.36846
0.37006
0.37684
0.38301
0.39258
0.2443
0.21797
0.24534
0.28295
0.30664
0.32807
0.32645
0.33042
0.34061
0.35655
0.34039
0.3334
0.3471
0.34793
0.35404
0.35805
0.36258
0.37185
0.38007
0.39418
0.24651
0.22273
0.26868
0.2998
0.31978
0.32716
0.33479
0.33155
0.346
0.34874
0.33407
0.33325
0.34187
0.33862
0.34098
0.34765
0.35408
0.37216
0.38741
0.39026
0.25334
0.2381
0.28602
0.30546
0.31897
0.31846
0.32655
0.32826
0.33476
0.34602
0.33117
0.32836
0.34143
0.34528
0.34212
0.34797
0.34794
0.37633
0.38889
0.3939
0.26399
0.23556
0.27476
0.30143
0.31152
0.31665
0.32928
0.33813
0.34106
0.33855
0.33081
0.33388
0.33948
0.34625
0.35497
0.34861
0.3687
0.3785
0.39214
0.40117
0.25308
0.22535
0.27552
0.31455
0.31485
0.30927
0.32627
0.33904
0.34368
0.35216
0.34005
0.33855
0.33844
0.34428
0.35513
0.34595
0.36232
0.37333
0.39159
0.40513
0.22719
0.20961
0.27052
0.3133
0.30064
0.30076
0.31139
0.32067
0.34028
0.3491
0.33954
0.34536
0.33731
0.34878
0.35676
0.36457
0.37904
0.39587
0.40997
0.41849
0.23183
0.2252
0.28553
0.30463
0.30721
0.31365
0.30668
0.31906
0.32975
0.34187
0.33567
0.337
0.34391
0.35366
0.36746
0.3779
0.39131
0.4062
0.42063
0.42128
0.22662
0.21465
0.2812
0.30304
0.31067
0.3292
0.33174
0.33382
0.35077
0.3523
0.34588
0.34735
0.36158
0.36667
0.37952
0.38418
0.40633
0.42106
0.42502
0.42858
0.24427
0.22374
0.24742
0.28607
0.29778
0.28116
0.30013
0.31623
0.32858
0.33957
0.34536
0.34752
0.35767
0.3718
0.37781
0.38625
0.39941
0.42029
0.41102
0.41015
0.24124
0.22841
0.23629
0.27807
0.2788
0.28137
0.31606
0.32228
0.34144
0.3516
0.35515
0.3661
0.36685
0.37162
0.37838
0.39517
0.40904
0.42508
0.42585
0.42105
0.22221
0.19032
0.23107
0.2896
0.30753
0.32151
0.32116
0.33038
0.35675
0.36667
0.37219
0.38458
0.38778
0.39456
0.3979
0.41841
0.42377
0.43376
0.43806
0.43677
0.20715
0.20156
0.23277
0.30439
0.32609
0.32368
0.33333
0.34676
0.36429
0.37513
0.38036
0.3973
0.40363
0.41124
0.41622
0.42326
0.44301
0.4402
0.43792
0.43582
0.21191
0.19673
0.24879
0.31233
0.32472
0.31782
0.33256
0.35111
0.36875
0.38098
0.38725
0.40152
0.40706
0.41352
0.42096
0.4257
0.44028
0.4304
0.43986
0.43206
0.23841
0.20967
0.26375
0.31103
0.33617
0.33197
0.33753
0.35025
0.37207
0.37962
0.37862
0.3978
0.40637
0.41544
0.41392
0.42256
0.42653
0.43172
0.43619
0.43549
0.25104
0.21171
0.27129
0.3161
0.3295
0.33449
0.33394
0.34589
0.36884
0.37875
0.37612
0.38462
0.40644
0.41741
0.41998
0.42533
0.42797
0.42721
0.43423
0.43072
0.25425
0.21473
0.28306
0.32224
0.3333
0.34073
0.3419
0.35819
0.37573
0.39071
0.38779
0.40054
0.40892
0.42463
0.42997
0.43095
0.43598
0.43695
0.43408
0.43544
0.24556
0.22631
0.27417
0.31166
0.32897
0.34361
0.34529
0.36457
0.37926
0.39261
0.38457
0.39549
0.41225
0.41992
0.42403
0.43674
0.44303
0.43874
0.43893
0.43387
0.24155
0.23227
0.26058
0.31235
0.33351
0.33767
0.34088
0.35872
0.37972
0.38914
0.38251
0.38063
0.40601
0.42342
0.42634
0.43937
0.44397
0.44956
0.45308
0.45379
0.25112
0.24417
0.27256
0.30283
0.31252
0.32078
0.33281
0.36123
0.38501
0.39773
0.39494
0.3955
0.42013
0.44042
0.43533
0.45012
0.45114
0.45025
0.45628
0.46371
0.24987
0.24925
0.28569
0.30702
0.31619
0.32535
0.31518
0.35118
0.38482
0.38924
0.39088
0.40675
0.42018
0.43814
0.43915
0.43866
0.44468
0.44557
0.45982
0.46041
0.25593
0.26352
0.28106
0.30403
0.31101
0.32697
0.32467
0.33998
0.3835
0.3798
0.36923
0.39197
0.40899
0.42236
0.42949
0.44372
0.44749
0.45067
0.45789
0.46477
0.26362
0.26641
0.28359
0.30266
0.30344
0.33101
0.33614
0.34596
0.36726
0.38042
0.37204
0.391
0.40249
0.41246
0.42591
0.43721
0.43948
0.44162
0.45194
0.45944
0.25771
0.26408
0.27715
0.29807
0.31433
0.32616
0.33859
0.34927
0.36615
0.37626
0.37364
0.38431
0.3929
0.41211
0.41601
0.43125
0.42923
0.43187
0.43806
0.44163
0.25932
0.27196
0.28296
0.30001
0.29657
0.32432
0.34021
0.35031
0.37282
0.36633
0.35944
0.37076
0.38414
0.39408
0.4133
0.42086
0.43884
0.44382
0.44321
0.44411
0.25386
0.27111
0.27994
0.29902
0.31566
0.32197
0.3346
0.35121
0.37471
0.38003
0.3735
0.37374
0.37082
0.40172
0.40397
0.42107
0.43954
0.43802
0.44183
0.44522
0.24325
0.26427
0.27327
0.30352
0.31928
0.32119
0.3341
0.34789
0.36258
0.36465
0.36375
0.3798
0.3805
0.39621
0.41442
0.43002
0.43573
0.44586
0.44567
0.44784
0.24209
0.25587
0.25177
0.28473
0.29346
0.30722
0.32908
0.33867
0.33801
0.3353
0.32431
0.33385
0.35472
0.36553
0.40466
0.41773
0.42063
0.43448
0.44303
0.43691
0.24231
0.24355
0.25961
0.28819
0.30325
0.31697
0.32404
0.33315
0.34257
0.3544
0.33826
0.34042
0.34856
0.37758
0.39947
0.40034
0.40353
0.41312
0.42418
0.42501
0.23607
0.23908
0.25751
0.28216
0.29385
0.30445
0.30833
0.32022
0.33698
0.34311
0.33819
0.34357
0.37381
0.38158
0.37913
0.40114
0.41309
0.41812
0.41703
0.42083
0.22858
0.23111
0.25187
0.27145
0.2879
0.29626
0.29731
0.30577
0.33091
0.33644
0.33897
0.3424
0.35376
0.36437
0.36308
0.37615
0.39277
0.40614
0.40805
0.41469
0.2238
0.22806
0.24539
0.26402
0.26168
0.26473
0.29508
0.31091
0.33462
0.33837
0.34204
0.34781
0.35531
0.36162
0.37304
0.37476
0.39488
0.40597
0.41551
0.42164
0.21233
0.20034
0.23519
0.2549
0.25352
0.24639
0.27791
0.30511
0.32718
0.32769
0.32553
0.32656
0.33414
0.33975
0.36184
0.36246
0.39334
0.40447
0.40753
0.40996
0.21598
0.1866
0.22409
0.26256
0.26256
0.2705
0.28058
0.30518
0.33822
0.33748
0.3328
0.33031
0.33938
0.34766
0.36462
0.37702
0.39716
0.40574
0.4115
0.40654
0.20639
0.19913
0.20974
0.25791
0.25782
0.26132
0.26995
0.30052
0.32761
0.33015
0.3259
0.33387
0.34572
0.35055
0.3605
0.3908
0.40568
0.41202
0.41278
0.40599
0.21173
0.20515
0.2107
0.24776
0.25149
0.25125
0.25505
0.27314
0.31453
0.29279
0.3178
0.3298
0.33752
0.34861
0.36313
0.37328
0.3824
0.39543
0.38954
0.40812
0.21765
0.20771
0.21973
0.25072
0.25629
0.25293
0.25745
0.28263
0.30846
0.30575
0.31066
0.33207
0.32977
0.34504
0.35275
0.356
0.3668
0.38937
0.38827
0.40321
0.20825
0.22193
0.23254
0.26745
0.24666
0.26802
0.27226
0.28426
0.31604
0.30668
0.3095
0.3305
0.33492
0.35691
0.36338
0.36199
0.35798
0.37771
0.37626
0.39014
0.21159
0.23429
0.25358
0.26821
0.25931
0.25612
0.26528
0.28323
0.31793
0.31847
0.31522
0.33364
0.34632
0.3694
0.36883
0.36507
0.36844
0.36742
0.38747
0.3955
0.22756
0.2427
0.24427
0.25616
0.28099
0.27542
0.27018
0.30438
0.32403
0.32222
0.32051
0.3398
0.35132
0.36443
0.37648
0.37259
0.37787
0.36954
0.39107
0.39997
0.23669
0.23
0.23417
0.26857
0.27774
0.28732
0.28552
0.30298
0.32137
0.33306
0.33353
0.34047
0.34615
0.35766
0.36868
0.3689
0.37764
0.37559
0.3712
0.3827
0.21118
0.2075
0.24727
0.28042
0.28611
0.29931
0.29794
0.31268
0.33421
0.3249
0.33417
0.3382
0.33385
0.3656
0.36858
0.37263
0.38019
0.37097
0.37878
0.38214
0.19663
0.22007
0.27301
0.30407
0.29485
0.30351
0.31428
0.31538
0.33394
0.33418
0.33156
0.34402
0.3485
0.35794
0.36033
0.37777
0.39128
0.3729
0.38643
0.38302
0.18487
0.20287
0.26466
0.30925
0.30643
0.30514
0.31264
0.31271
0.33041
0.33179
0.32993
0.33742
0.34536
0.35477
0.36032
0.36561
0.37347
0.3718
0.37868
0.37462
0.18856
0.21452
0.25961
0.3027
0.30111
0.29734
0.30642
0.30237
0.31707
0.3129
0.32692
0.33148
0.32809
0.33681
0.36061
0.36752
0.36067
0.36692
0.36736
0.36869
0.1662
0.22337
0.27752
0.30631
0.30036
0.29836
0.30888
0.31347
0.32768
0.32743
0.33726
0.34081
0.34074
0.3515
0.35662
0.36526
0.36251
0.36854
0.37468
0.37182
0.15758
0.20878
0.27123
0.3082
0.30902
0.29849
0.30722
0.31382
0.32902
0.32621
0.32865
0.3444
0.34755
0.35067
0.35806
0.35813
0.36169
0.37819
0.37631
0.37079
0.16307
0.19757
0.27018
0.31177
0.31648
0.31153
0.30293
0.32346
0.32941
0.33084
0.32553
0.34136
0.33993
0.34871
0.35863
0.35257
0.36271
0.36457
0.36857
0.36282
0.12521
0.15487
0.22887
0.29248
0.29926
0.30269
0.30517
0.31922
0.33185
0.31778
0.32325
0.32666
0.32495
0.33174
0.3336
0.34197
0.33637
0.32721
0.33785
0.33478
0.14515
0.14331
0.19466
0.24853
0.25921
0.28555
0.29006
0.31247
0.31086
0.30778
0.32546
0.31688
0.3205
0.33032
0.32865
0.32897
0.33808
0.31539
0.33294
0.32631
0.15984
0.15413
0.18192
0.23907
0.24443
0.25407
0.26429
0.28929
0.31161
0.31409
0.31773
0.31796
0.31453
0.32418
0.33641
0.32374
0.33323
0.32754
0.33622
0.32883
0.096554
0.10556
0.092335
0.23411
0.27133
0.28533
0.28852
0.30159
0.3182
0.32275
0.32076
0.31476
0.30407
0.31232
0.33502
0.32256
0.31441
0.32188
0.32675
0.31105
0.10041
0.060543
0.16681
0.2624
0.28754
0.27232
0.26555
0.29275
0.30556
0.3115
0.29554
0.28933
0.29342
0.29511
0.30353
0.30155
0.29663
0.29045
0.25503
0.19254
