-0.0099716
-0.0081917
-0.006073
-0.0054618
-0.0047941
-0.0037564
-0.0029118
-0.0019485
-0.0013701
-0.0011534
-0.00086961
-0.0010137
-0.0010882
-0.00071176
-0.00077157
-0.00097255
-0.0018368
-0.0020833
-0.0026275
-0.0027304
-0.0076412
-0.0059985
-0.0044853
-0.0033931
-0.0031588
-0.0021784
-0.0010745
-0.00054804
-6.5686e-05
0.00032157
0.00083922
0.00090539
0.0010814
0.00081569
0.0009701
0.00099314
0.00091863
0.0001598
-0.00028137
-0.00075539
-0.0062142
-0.0046181
-0.003348
-0.0016426
-0.0011657
-0.00016569
0.00086324
0.0015358
0.0019966
0.002227
0.0026059
0.0028789
0.002873
0.0027441
0.0027892
0.0029608
0.0026775
0.0020931
0.0022873
0.0014725
-0.0043765
-0.0026824
-0.0011525
1.1765e-05
0.0006598
0.0014603
0.0023475
0.0033637
0.0036412
0.004174
0.0042647
0.0042422
0.0040324
0.0042417
0.0046466
0.0043951
0.0044245
0.0040461
0.0031755
0.0027147
-0.0026706
-0.00095441
0.00044706
0.0012691
0.0018039
0.0032103
0.0034623
0.0043034
0.0047441
0.0054373
0.0061176
0.0062931
0.0062319
0.0059637
0.006499
0.0058167
0.0054407
0.005099
0.005175
0.0046265
-0.0011471
0.00029706
0.0019549
0.002552
0.0036206
0.0045059
0.005898
0.0059637
0.0064211
0.0065627
0.0071054
0.0075505
0.0074265
0.0077167
0.0076745
0.0078725
0.0079868
0.0074471
0.0071725
0.0065069
0.00030441
0.0016961
0.0032039
0.0040725
0.0050495
0.0063176
0.007098
0.0074745
0.0079569
0.0088363
0.0089387
0.0089167
0.0094686
0.009526
0.0093049
0.0092235
0.0089721
0.0091049
0.0084588
0.0080549
0.0019309
0.0031936
0.0046147
0.0052422
0.0062108
0.0070338
0.0074328
0.0086088
0.0085216
0.0093137
0.0095147
0.010155
0.010527
0.01077
0.010588
0.011233
0.010884
0.010466
0.010156
0.0092833
0.0025407
0.0041422
0.0052466
0.0065892
0.0075373
0.0085123
0.009601
0.0098495
0.01107
0.010814
0.011356
0.011793
0.011676
0.012158
0.012432
0.012651
0.012463
0.012109
0.011823
0.01081
0.0035686
0.0052485
0.0068882
0.0078833
0.0088833
0.009748
0.010479
0.010966
0.011782
0.012719
0.013113
0.013707
0.0143
0.014328
0.014371
0.013777
0.013869
0.013853
0.01304
0.012573
0.0050319
0.0067118
0.0079397
0.0089657
0.0101
0.010802
0.011554
0.012335
0.012892
0.013189
0.013934
0.014388
0.014777
0.014636
0.01493
0.015351
0.015064
0.014601
0.014576
0.013996
0.0063574
0.0077426
0.0093422
0.010396
0.011571
0.012656
0.013526
0.013901
0.014787
0.015596
0.015808
0.016082
0.016287
0.017049
0.017072
0.017159
0.017096
0.016672
0.015746
0.015425
0.007598
0.0092593
0.010081
0.011288
0.012586
0.013627
0.014411
0.015384
0.016387
0.017126
0.017903
0.018004
0.018613
0.018555
0.018395
0.018135
0.018114
0.01796
0.017661
0.017315
0.0088245
0.0098686
0.011134
0.012378
0.013438
0.014763
0.015332
0.01638
0.017015
0.017395
0.017841
0.018075
0.018685
0.018786
0.018959
0.019032
0.018633
0.018717
0.017934
0.017697
0.0098245
0.010619
0.012301
0.013486
0.014888
0.015884
0.016906
0.017348
0.018442
0.019265
0.0195
0.0195
0.019915
0.019777
0.020075
0.020065
0.020154
0.020039
0.019439
0.018929
0.010721
0.01154
0.013547
0.014358
0.015848
0.016871
0.017741
0.018391
0.019096
0.019194
0.019936
0.020091
0.020302
0.020459
0.020599
0.020492
0.020683
0.021047
0.020539
0.019933
0.011313
0.012835
0.014062
0.015222
0.016506
0.017302
0.018407
0.019234
0.019393
0.020057
0.020748
0.021188
0.021569
0.021496
0.021553
0.021824
0.021463
0.021045
0.021043
0.020283
0.012205
0.013501
0.015063
0.016296
0.017017
0.018203
0.019369
0.020064
0.020633
0.02175
0.021732
0.02193
0.022004
0.022385
0.02268
0.022792
0.022476
0.022815
0.022253
0.021555
0.013066
0.014376
0.015836
0.016611
0.018038
0.01891
0.01998
0.020751
0.021533
0.021888
0.022908
0.022988
0.023422
0.023256
0.023128
0.023359
0.023478
0.023429
0.022914
0.022793
0.013693
0.015499
0.01628
0.017489
0.018207
0.019467
0.020527
0.021684
0.022101
0.022598
0.02291
0.023328
0.023731
0.023818
0.024039
0.024327
0.024004
0.02366
0.023248
0.022917
0.014733
0.015618
0.017018
0.017899
0.019112
0.020545
0.021465
0.021959
0.022848
0.023587
0.023986
0.024207
0.024523
0.02501
0.025393
0.025429
0.025084
0.025186
0.024337
0.023885
0.015225
0.015843
0.017111
0.018612
0.019704
0.020525
0.021816
0.022834
0.02375
0.024217
0.025368
0.025181
0.025479
0.025836
0.025872
0.026159
0.025825
0.025745
0.025336
0.024886
0.015388
0.016572
0.01759
0.018783
0.019768
0.021167
0.02192
0.022694
0.023371
0.024408
0.024985
0.025584
0.02601
0.026448
0.026655
0.026494
0.026448
0.02603
0.025826
0.024987
0.015621
0.017084
0.018182
0.019241
0.020519
0.021785
0.022746
0.02366
0.024617
0.025176
0.025876
0.026365
0.026959
0.027101
0.02688
0.026996
0.02695
0.026725
0.026949
0.025812
0.01641
0.017455
0.018575
0.019929
0.021296
0.022385
0.023771
0.024415
0.025371
0.02598
0.026474
0.027077
0.027995
0.028109
0.028222
0.028128
0.027971
0.027709
0.027168
0.026761
0.016466
0.017611
0.018851
0.020119
0.021381
0.022709
0.023641
0.025082
0.026023
0.026779
0.027565
0.027897
0.028484
0.028949
0.029158
0.029277
0.028696
0.028016
0.027996
0.02725
0.017058
0.017928
0.01996
0.020413
0.021715
0.023208
0.024053
0.025292
0.026272
0.027416
0.028081
0.028578
0.029078
0.029045
0.028979
0.029025
0.028639
0.028652
0.027993
0.028052
0.017
0.018111
0.019959
0.020518
0.021884
0.023513
0.024614
0.025476
0.026627
0.027379
0.027798
0.028764
0.028881
0.029377
0.029381
0.029727
0.029219
0.028479
0.028437
0.027344
0.017124
0.018023
0.019736
0.02058
0.022109
0.02323
0.024527
0.025977
0.026423
0.02755
0.028132
0.028765
0.029045
0.029142
0.028983
0.02923
0.029429
0.028843
0.028523
0.027918
0.016833
0.017763
0.01965
0.020738
0.022401
0.023613
0.025044
0.025859
0.026744
0.027916
0.028504
0.029194
0.029674
0.029938
0.030018
0.029675
0.029155
0.028966
0.028749
0.028305
0.016546
0.018102
0.019441
0.020872
0.022397
0.023797
0.024859
0.0258
0.027165
0.027465
0.028406
0.028923
0.029484
0.029888
0.029746
0.029953
0.02973
0.02967
0.028908
0.028382
0.016413
0.017785
0.019499
0.020572
0.022003
0.023222
0.024464
0.025851
0.026609
0.027334
0.028246
0.028798
0.029213
0.029384
0.02925
0.029113
0.02906
0.029093
0.028837
0.0279
0.016608
0.01774
0.01927
0.02042
0.022242
0.023478
0.024523
0.025881
0.026701
0.027655
0.028668
0.028994
0.029506
0.029636
0.029734
0.030182
0.029411
0.02888
0.028471
0.027989
0.016549
0.017669
0.018985
0.020526
0.022546
0.023319
0.024548
0.025411
0.026827
0.027742
0.028525
0.028913
0.029289
0.029534
0.029846
0.029596
0.029406
0.029259
0.028856
0.028119
0.016094
0.017236
0.018765
0.020374
0.021877
0.022855
0.023826
0.02514
0.026479
0.027129
0.028082
0.028675
0.029144
0.02892
0.029581
0.02927
0.029384
0.028844
0.028097
0.027651
0.015625
0.016781
0.018438
0.019779
0.021004
0.022455
0.023955
0.025072
0.026131
0.027118
0.028079
0.028444
0.028482
0.02943
0.029208
0.029405
0.028957
0.028748
0.027877
0.027163
0.0152
0.016772
0.018009
0.019717
0.021152
0.022448
0.023787
0.024899
0.026047
0.026932
0.027388
0.028005
0.02815
0.029027
0.02915
0.028888
0.028681
0.028175
0.027583
0.027145
0.014563
0.016222
0.017666
0.019046
0.020748
0.021775
0.023065
0.024205
0.025191
0.026262
0.026889
0.027161
0.027601
0.027643
0.028182
0.028091
0.027726
0.027514
0.027093
0.026415
0.014254
0.01579
0.01727
0.018682
0.020198
0.021485
0.022766
0.023611
0.02499
0.025695
0.026472
0.027409
0.027416
0.027423
0.027707
0.02809
0.027463
0.027091
0.026742
0.026033
0.01345
0.015498
0.016591
0.018325
0.019979
0.021232
0.022404
0.023483
0.02455
0.025186
0.02588
0.026598
0.027058
0.027572
0.02751
0.027918
0.027332
0.026718
0.026177
0.025972
0.013127
0.014964
0.016184
0.017709
0.018864
0.020393
0.02157
0.022621
0.023604
0.024637
0.025725
0.02589
0.026245
0.026332
0.026364
0.026209
0.026619
0.026295
0.025733
0.025194
0.012068
0.013887
0.015814
0.017003
0.018185
0.020026
0.020942
0.021853
0.022986
0.023929
0.024996
0.025285
0.026122
0.02595
0.026451
0.026092
0.026078
0.025556
0.025008
0.024416
0.011162
0.013477
0.014189
0.016056
0.017592
0.019114
0.020048
0.021408
0.022149
0.023018
0.023733
0.024469
0.024828
0.024891
0.025454
0.025589
0.025434
0.025371
0.024815
0.024463
0.010625
0.012296
0.013495
0.015023
0.016677
0.01819
0.019361
0.019934
0.021124
0.021866
0.022547
0.023091
0.024243
0.024151
0.024132
0.024233
0.024313
0.023934
0.023342
0.022872
0.0099328
0.011273
0.012616
0.01429
0.015581
0.016655
0.017715
0.01893
0.019943
0.020721
0.021477
0.022162
0.022827
0.022744
0.023199
0.023167
0.022975
0.022662
0.022428
0.021738
0.0087039
0.010521
0.011914
0.013591
0.015028
0.016351
0.017563
0.018421
0.01947
0.020251
0.021042
0.02168
0.022005
0.022511
0.02289
0.022984
0.022955
0.022786
0.022235
0.021654
0.0074853
0.0094784
0.010721
0.01236
0.013799
0.015489
0.016536
0.017498
0.01844
0.01938
0.019731
0.020607
0.021184
0.021481
0.021508
0.021709
0.022005
0.021375
0.020704
0.020541
0.0068392
0.0084863
0.009951
0.011123
0.012512
0.013673
0.014675
0.015681
0.016672
0.017951
0.01873
0.019207
0.020001
0.020264
0.020338
0.020465
0.02059
0.020391
0.019777
0.019415
0.0055632
0.0075304
0.0090294
0.010149
0.011964
0.013325
0.014429
0.01533
0.016608
0.017204
0.018082
0.018787
0.019003
0.019493
0.019771
0.020222
0.020451
0.019905
0.019801
0.018966
0.004852
0.0063902
0.007749
0.0091142
0.010474
0.011732
0.012822
0.014215
0.014915
0.015894
0.016847
0.017435
0.017882
0.018287
0.018485
0.018429
0.018412
0.018578
0.017881
0.017173
0.003799
0.0050725
0.0061971
0.008076
0.0092941
0.010663
0.011694
0.012511
0.013665
0.014388
0.015292
0.016481
0.016626
0.017279
0.017489
0.017095
0.016785
0.016379
0.016234
0.015686
0.0021696
0.0039275
0.0055304
0.0067936
0.0083784
0.0092789
0.010292
0.011418
0.0127
0.013579
0.014323
0.015141
0.01537
0.015694
0.015749
0.01589
0.016043
0.01544
0.015688
0.015131
0.00097647
0.0028706
0.0041794
0.0056559
0.0071368
0.0085676
0.0097775
0.01071
0.011556
0.012418
0.013121
0.014024
0.014896
0.014802
0.014962
0.015172
0.015302
0.014785
0.01466
0.013875
-0.00022696
0.0018637
0.0031206
0.0043397
0.0057574
0.0070083
0.0080667
0.0091412
0.010107
0.010927
0.012124
0.01263
0.012683
0.013018
0.013416
0.013623
0.013323
0.013116
0.012865
0.012063
-0.0013206
0.00029853
0.0019951
0.0032191
0.0046279
0.0057431
0.007052
0.0082559
0.0087941
0.0096912
0.010362
0.011459
0.011763
0.012258
0.012408
0.012458
0.012367
0.012175
0.012079
0.011536
-0.0022534
-0.0010613
0.00020882
0.0019245
0.0037451
0.004949
0.0059833
0.0074667
0.0084348
0.0090824
0.009599
0.010343
0.010615
0.010478
0.010831
0.011003
0.010768
0.010396
0.010166
0.0096882
-0.0038211
-0.0028608
-0.00095245
0.00016176
0.0014402
0.0029078
0.0036853
0.0048397
0.0060583
0.0068461
0.007602
0.0080294
0.0084392
0.0089098
0.0088824
0.0087387
0.0087324
0.0085059
0.0082412
0.0078559
-0.0052328
-0.0041475
-0.002523
-0.00092843
0.0003799
0.001424
0.0027422
0.0037279
0.004552
0.0051711
0.006099
0.0065167
0.0071966
0.007252
0.0073775
0.0078225
0.007826
0.0070578
0.0070225
0.0060275
-0.0075118
-0.0059206
-0.0046088
-0.0027059
-0.0014304
-8.6275e-05
0.0011
0.0023186
0.0034422
0.0043613
0.0046211
0.005175
0.0054794
0.0056956
0.0058275
0.0054441
0.0057426
0.0052613
0.0046971
0.0039181
-0.0094147
-0.0079525
-0.006149
-0.0045608
-0.0033588
-0.0018588
-0.0008701
7.7941e-05
0.0017794
0.0022422
0.0029554
0.0033157
0.0036951
0.0042196
0.0041299
0.0039314
0.0038314
0.0031265
0.0031843
0.002302
-0.011529
-0.0098127
-0.0076637
-0.0061137
-0.0047564
-0.0033495
-0.0023078
-0.0015088
-0.00044706
0.00037843
0.0012005
0.00145
0.0023235
0.0024245
0.0029069
0.0025873
0.0022608
0.0017039
0.0010637
0.00062745
-0.013156
-0.011589
-0.0099235
-0.0083407
-0.0071961
-0.0057711
-0.0046833
-0.0030882
-0.0019696
-0.0016461
-0.00070147
-0.00018186
0.0004348
0.00017843
0.00031667
0.00057892
9.902e-05
-0.00061029
-0.0012863
-0.0012657
-0.015153
-0.013703
-0.011623
-0.01079
-0.0092667
-0.0083059
-0.0069843
-0.005726
-0.0048549
-0.0041672
-0.0037319
-0.0030608
-0.0024461
-0.0020186
-0.0024343
-0.0022534
-0.0021216
-0.0023799
-0.0030167
-0.0035966
-0.017193
-0.015245
-0.013851
-0.012113
-0.010978
-0.0096574
-0.0090971
-0.008151
-0.0072446
-0.0066422
-0.0058186
-0.0050819
-0.0044676
-0.0040725
-0.0040088
-0.0042029
-0.0042221
-0.0044559
-0.0048912
-0.0057578
-0.019259
-0.017163
-0.015435
-0.013714
-0.012724
-0.011874
-0.011011
-0.0096936
-0.0085711
-0.0076265
-0.0070755
-0.0065529
-0.0064716
-0.0057471
-0.0054431
-0.0061505
-0.0061735
-0.0063029
-0.0067534
-0.007499
-0.020234
-0.019494
-0.017887
-0.016275
-0.014646
-0.013637
-0.012561
-0.011295
-0.010342
-0.0097794
-0.0090123
-0.0084387
-0.0081167
-0.0078613
-0.0074559
-0.0072422
-0.0079348
-0.0082843
-0.0092765
-0.0097426
-0.022474
-0.020697
-0.019223
-0.01792
-0.016496
-0.014943
-0.014162
-0.0131
-0.012178
-0.011626
-0.010925
-0.00965
-0.0097059
-0.0094873
-0.0095505
-0.0096373
-0.0093127
-0.010327
-0.010639
-0.0081853
