0.19694
0.20024
0.20729
0.24591
0.20838
0.21571
0.21626
0.21356
0.2387
0.25231
0.24703
0.23808
0.23669
0.23803
0.23086
0.23841
0.24714
0.2335
0.24234
0.24643
0.20299
0.19112
0.20522
0.23644
0.2156
0.22268
0.22655
0.23676
0.24457
0.25453
0.24354
0.23333
0.23549
0.23621
0.23689
0.23278
0.22984
0.23833
0.23347
0.23839
0.19633
0.17101
0.18477
0.23942
0.23225
0.23384
0.22646
0.24031
0.24386
0.24795
0.22885
0.22335
0.23712
0.22541
0.23444
0.22865
0.22301
0.22604
0.23753
0.24237
0.20285
0.168
0.18617
0.23338
0.24444
0.24154
0.2323
0.2289
0.24805
0.24997
0.23474
0.23755
0.23728
0.23791
0.23131
0.23048
0.22711
0.22742
0.23447
0.24011
0.21545
0.19723
0.20013
0.24747
0.25064
0.24273
0.23354
0.24772
0.25706
0.26482
0.24423
0.23415
0.23747
0.23303
0.23278
0.22908
0.22544
0.22971
0.24089
0.24796
0.21122
0.19149
0.18387
0.24265
0.25116
0.23919
0.23745
0.23899
0.25106
0.26053
0.25013
0.23668
0.23531
0.241
0.22696
0.23771
0.24183
0.24267
0.24562
0.25111
0.21779
0.1919
0.1981
0.24676
0.25719
0.24262
0.24206
0.24166
0.25732
0.26149
0.24827
0.24309
0.24786
0.24801
0.2424
0.24218
0.24427
0.24214
0.25329
0.2679
0.23072
0.20165
0.21849
0.24986
0.26513
0.24409
0.23875
0.2448
0.26578
0.26876
0.24717
0.24245
0.23754
0.23653
0.24123
0.24109
0.25117
0.24495
0.25647
0.25724
0.2366
0.17681
0.21514
0.23951
0.25866
0.23449
0.23263
0.22559
0.25457
0.25907
0.22922
0.2259
0.2343
0.23718
0.23934
0.23741
0.24742
0.243
0.24335
0.24863
0.23114
0.1711
0.20971
0.24165
0.24958
0.22519
0.23506
0.23805
0.25778
0.25014
0.21611
0.21752
0.22779
0.23948
0.2452
0.24281
0.24681
0.24499
0.2464
0.2519
0.23465
0.17839
0.20605
0.25446
0.24247
0.2265
0.23526
0.2312
0.2474
0.24785
0.21998
0.22238
0.22983
0.23911
0.24567
0.23951
0.24914
0.25039
0.25796
0.26316
0.21157
0.18572
0.21699
0.27474
0.26052
0.23449
0.24487
0.24097
0.26463
0.27544
0.2569
0.2542
0.25288
0.25552
0.25723
0.2542
0.25903
0.26639
0.26911
0.27601
0.19928
0.1962
0.23417
0.27712
0.26394
0.24225
0.25276
0.2469
0.26671
0.2715
0.27277
0.27203
0.26958
0.26346
0.26502
0.26894
0.26788
0.26098
0.26877
0.27217
0.19894
0.18719
0.23167
0.27048
0.26721
0.2517
0.25476
0.25705
0.26819
0.28022
0.26955
0.26516
0.2572
0.274
0.27111
0.27174
0.2748
0.2733
0.27866
0.27468
0.19911
0.17646
0.1995
0.23968
0.25952
0.25124
0.25621
0.25026
0.26109
0.27478
0.26533
0.25662
0.26127
0.25876
0.25989
0.25611
0.24873
0.2574
0.26858
0.27357
0.20782
0.16864
0.19414
0.22996
0.24541
0.2523
0.25637
0.26052
0.26442
0.27085
0.26639
0.25101
0.26814
0.25833
0.26123
0.24812
0.23912
0.24881
0.25802
0.27232
0.21172
0.16912
0.20882
0.24195
0.24574
0.24298
0.25588
0.25104
0.26465
0.2694
0.25336
0.24548
0.2523
0.23454
0.23857
0.23697
0.2344
0.25396
0.26468
0.26213
0.20885
0.18478
0.22213
0.25062
0.25675
0.24481
0.24857
0.25262
0.25548
0.26375
0.25165
0.24647
0.24902
0.24025
0.23925
0.23908
0.23604
0.25732
0.26486
0.26414
0.22117
0.18571
0.21836
0.23548
0.24411
0.22995
0.25004
0.26093
0.25714
0.25443
0.24511
0.24698
0.25326
0.24259
0.24498
0.23804
0.25069
0.2611
0.26272
0.26629
0.2128
0.17917
0.21343
0.25253
0.2395
0.2288
0.24064
0.25238
0.25717
0.27386
0.25205
0.24422
0.24523
0.23856
0.24508
0.23212
0.24609
0.24686
0.26658
0.2724
0.17406
0.15989
0.20832
0.25783
0.24565
0.22763
0.23846
0.24508
0.25418
0.25885
0.25128
0.24736
0.23277
0.24821
0.24384
0.24686
0.25547
0.26441
0.27614
0.28336
0.19001
0.17504
0.22911
0.25022
0.24591
0.23065
0.22444
0.23128
0.23778
0.25278
0.23978
0.23324
0.24016
0.24582
0.25192
0.2474
0.25678
0.2663
0.26949
0.28474
0.18338
0.16676
0.22077
0.24044
0.241
0.25105
0.24466
0.2448
0.25983
0.26245
0.24534
0.24207
0.25048
0.25232
0.26107
0.25808
0.27494
0.28541
0.28963
0.29534
0.20567
0.18367
0.19752
0.22252
0.21755
0.19721
0.22797
0.22888
0.24316
0.24045
0.23733
0.23713
0.23992
0.24687
0.25606
0.24868
0.26121
0.27849
0.26951
0.27358
0.20369
0.1911
0.18717
0.21259
0.19576
0.18219
0.23296
0.2379
0.25343
0.24828
0.24913
0.24919
0.24158
0.24165
0.24497
0.25793
0.26303
0.27419
0.26647
0.26438
0.18514
0.16464
0.1915
0.22619
0.22972
0.23108
0.23169
0.24268
0.26513
0.26235
0.26385
0.27425
0.2662
0.26671
0.26517
0.27222
0.27613
0.28672
0.2914
0.28073
0.15927
0.16071
0.18258
0.24595
0.24775
0.24257
0.241
0.25521
0.26745
0.27122
0.26023
0.27151
0.27883
0.27155
0.27601
0.2807
0.29299
0.29263
0.29427
0.29096
0.17228
0.14657
0.18273
0.24468
0.23159
0.22238
0.23568
0.25391
0.26687
0.27748
0.27384
0.27956
0.27645
0.26981
0.27755
0.27964
0.28791
0.29004
0.29034
0.27541
0.17903
0.1537
0.1945
0.24617
0.25906
0.2338
0.23863
0.2561
0.2625
0.26955
0.26346
0.27598
0.26646
0.26767
0.26479
0.26285
0.26582
0.27403
0.2852
0.27729
0.19845
0.15925
0.20383
0.24684
0.2593
0.24398
0.24043
0.25484
0.25936
0.26437
0.2471
0.2538
0.26492
0.2636
0.26793
0.27699
0.27126
0.27357
0.27933
0.27475
0.2028
0.15621
0.22381
0.26096
0.24869
0.24312
0.24496
0.25235
0.26099
0.27126
0.2555
0.26132
0.26872
0.27083
0.27453
0.27246
0.27931
0.27619
0.27194
0.27125
0.18814
0.15804
0.21118
0.26547
0.25634
0.2506
0.25215
0.26024
0.27123
0.27889
0.26192
0.2688
0.2722
0.27019
0.27297
0.27045
0.27773
0.28388
0.28203
0.27167
0.1899
0.16149
0.19473
0.24852
0.25485
0.25178
0.24716
0.2587
0.28219
0.2686
0.25431
0.25701
0.26089
0.27054
0.26801
0.28038
0.28073
0.28111
0.29556
0.29044
0.20179
0.17897
0.21022
0.23964
0.23132
0.22999
0.23417
0.2532
0.28132
0.27982
0.27224
0.27193
0.27951
0.28972
0.28579
0.29059
0.29317
0.29405
0.30577
0.31194
0.1977
0.17992
0.22034
0.23943
0.23922
0.23216
0.22252
0.24555
0.28015
0.27799
0.26812
0.27433
0.28083
0.29719
0.29487
0.28636
0.29237
0.28637
0.29635
0.29997
0.21057
0.20084
0.21755
0.24131
0.22499
0.23765
0.24337
0.24407
0.27949
0.26944
0.25238
0.26563
0.2777
0.27896
0.28008
0.29045
0.28446
0.2902
0.29935
0.29919
0.22648
0.21331
0.22687
0.23994
0.21993
0.23167
0.23493
0.25031
0.26736
0.27267
0.25089
0.26272
0.26529
0.27608
0.27673
0.291
0.28991
0.29274
0.30348
0.31338
0.22925
0.21244
0.2191
0.24465
0.23968
0.23804
0.24561
0.25596
0.26265
0.26376
0.24474
0.25811
0.26321
0.27033
0.27049
0.28038
0.28369
0.27567
0.27967
0.28077
0.22314
0.21011
0.22857
0.24007
0.23307
0.23335
0.24631
0.26545
0.28065
0.2687
0.24639
0.25913
0.25866
0.26464
0.27064
0.27577
0.28121
0.29008
0.28833
0.29392
0.22107
0.22176
0.24011
0.24544
0.24102
0.23313
0.24109
0.24824
0.28087
0.27217
0.26351
0.26431
0.25622
0.26868
0.26564
0.27766
0.28833
0.29077
0.29228
0.29606
0.20964
0.21335
0.22721
0.26193
0.25299
0.24192
0.24538
0.25895
0.27348
0.27002
0.25385
0.27099
0.26916
0.27821
0.28747
0.29372
0.28982
0.30113
0.28984
0.29601
0.21311
0.20156
0.21105
0.24686
0.23956
0.23225
0.2448
0.25027
0.24973
0.25041
0.22171
0.22938
0.23674
0.24864
0.26438
0.27863
0.27402
0.29001
0.28669
0.29699
0.22108
0.18703
0.22206
0.25524
0.24906
0.24384
0.25107
0.24944
0.25342
0.26627
0.24323
0.23821
0.23426
0.25073
0.26142
0.26014
0.25711
0.2651
0.27315
0.27199
0.21695
0.19042
0.22027
0.25934
0.24004
0.23318
0.2293
0.23493
0.25714
0.26266
0.24668
0.24604
0.26048
0.25917
0.25003
0.26912
0.2776
0.27309
0.27453
0.2801
0.20801
0.18674
0.22462
0.26244
0.24502
0.23082
0.21722
0.22683
0.25297
0.26243
0.24537
0.23951
0.24783
0.2384
0.22269
0.24025
0.25842
0.25811
0.26174
0.27112
0.19871
0.18322
0.20513
0.23788
0.22082
0.2077
0.21402
0.22243
0.25407
0.25644
0.24708
0.24417
0.25257
0.24299
0.24972
0.24731
0.26301
0.26772
0.27078
0.28098
0.1894
0.16133
0.19547
0.22588
0.19209
0.17829
0.20543
0.21528
0.24839
0.23952
0.23152
0.22462
0.22454
0.21824
0.23491
0.23162
0.26
0.26263
0.26368
0.27412
0.19016
0.16772
0.18988
0.2366
0.20961
0.21089
0.20539
0.22545
0.25352
0.24841
0.22739
0.22456
0.23598
0.23485
0.24634
0.25116
0.26657
0.26633
0.27077
0.27106
0.17031
0.17288
0.17877
0.22273
0.20147
0.18672
0.20607
0.2258
0.25539
0.24209
0.22725
0.2353
0.24932
0.23652
0.24109
0.25705
0.26662
0.27918
0.27823
0.28936
0.17569
0.17097
0.17057
0.21283
0.19836
0.18621
0.18907
0.20648
0.2434
0.2058
0.22801
0.23332
0.23624
0.23363
0.24434
0.24915
0.25198
0.27312
0.25468
0.27666
0.18119
0.17453
0.18255
0.22025
0.20985
0.19474
0.19281
0.20698
0.23475
0.21967
0.22423
0.22952
0.22442
0.22982
0.23466
0.23847
0.23973
0.26668
0.25896
0.27788
0.17445
0.17549
0.18844
0.21544
0.18792
0.20617
0.19437
0.21305
0.23888
0.22349
0.22603
0.22841
0.22167
0.24563
0.24325
0.24816
0.23198
0.24755
0.24158
0.25259
0.18319
0.1884
0.19747
0.21542
0.20808
0.19804
0.19771
0.21273
0.25037
0.23556
0.2268
0.23899
0.23242
0.26136
0.25267
0.25069
0.2442
0.2461
0.2607
0.27087
0.19051
0.1926
0.19828
0.20249
0.21175
0.21128
0.20706
0.22166
0.24648
0.24251
0.22348
0.23829
0.23715
0.25292
0.26023
0.25075
0.25354
0.24113
0.26886
0.27403
0.20338
0.17962
0.19002
0.203
0.2139
0.22527
0.21695
0.23889
0.25269
0.25318
0.24583
0.24938
0.25689
0.25121
0.26263
0.25992
0.26407
0.25487
0.25698
0.27287
0.17462
0.15129
0.20175
0.22388
0.2244
0.23449
0.22744
0.24262
0.26534
0.25119
0.24001
0.25246
0.24125
0.26944
0.26949
0.26542
0.2712
0.26635
0.26927
0.26938
0.14994
0.16734
0.21629
0.24107
0.22586
0.24193
0.24079
0.24677
0.25876
0.25549
0.24705
0.25254
0.25152
0.2622
0.2588
0.26012
0.27168
0.26278
0.28096
0.27728
0.14608
0.14862
0.19917
0.24238
0.23817
0.23389
0.23108
0.24266
0.26143
0.26316
0.25635
0.2521
0.25378
0.25709
0.26008
0.26565
0.27082
0.27479
0.2757
0.26283
0.15365
0.16619
0.20038
0.23743
0.23027
0.21564
0.22912
0.23524
0.24858
0.23425
0.24276
0.25586
0.23635
0.24165
0.25661
0.25783
0.25525
0.26697
0.25756
0.2606
0.10871
0.17815
0.21031
0.24529
0.22206
0.21529
0.23638
0.22956
0.24853
0.24858
0.24696
0.25473
0.25031
0.25504
0.2563
0.25872
0.27218
0.26698
0.27394
0.27039
0.1191
0.16576
0.21767
0.25148
0.23644
0.22268
0.22602
0.23306
0.25298
0.25138
0.25197
0.26376
0.25885
0.25824
0.26486
0.26377
0.27085
0.27998
0.27852
0.27136
0.12851
0.1575
0.2162
0.25905
0.26098
0.24001
0.23223
0.24141
0.26316
0.25778
0.25753
0.26315
0.26234
0.2767
0.26792
0.28304
0.28619
0.28925
0.28922
0.2828
0.099875
0.11598
0.1731
0.24533
0.2618
0.24793
0.235
0.2459
0.25666
0.23914
0.24063
0.2522
0.2494
0.25314
0.24831
0.25131
0.24721
0.25419
0.25199
0.24449
0.12882
0.098078
0.13327
0.20465
0.20209
0.22464
0.22055
0.23346
0.23501
0.22938
0.24487
0.23836
0.24262
0.25575
0.24526
0.24196
0.24748
0.23061
0.24735
0.24511
0.14622
0.13093
0.14195
0.19662
0.18002
0.19095
0.20227
0.21115
0.22981
0.22781
0.23856
0.24695
0.23188
0.24517
0.26109
0.24328
0.25886
0.25616
0.26414
0.24936
0.078552
0.080906
0.080612
0.1901
0.2121
0.22329
0.22159
0.23452
0.24542
0.24297
0.25063
0.24621
0.2291
0.24622
0.27022
0.26027
0.25679
0.2468
0.25429
0.23817
0.094047
0.049317
0.12977
0.22485
0.25143
0.2251
0.21088
0.22389
0.23905
0.24855
0.23309
0.21792
0.22478
0.22728
0.24196
0.24058
0.2444
0.23703
0.22251
0.18245
