0.15567
0.16883
0.17614
0.22445
0.18941
0.1994
0.20476
0.20474
0.23095
0.24514
0.24126
0.23015
0.22902
0.23106
0.22099
0.22965
0.24124
0.2308
0.2359
0.23939
0.16745
0.16909
0.174
0.21597
0.19791
0.21082
0.22145
0.23349
0.24571
0.25092
0.24094
0.23179
0.23858
0.23324
0.23911
0.23419
0.2313
0.23615
0.23325
0.23783
0.16148
0.14823
0.15997
0.22533
0.22085
0.22337
0.22653
0.24828
0.25068
0.25445
0.23462
0.22161
0.24492
0.23267
0.24203
0.23657
0.2257
0.22918
0.24042
0.24197
0.17585
0.14593
0.1636
0.22405
0.2421
0.24114
0.23812
0.23862
0.25683
0.26346
0.23998
0.23904
0.24377
0.23877
0.23326
0.24149
0.23282
0.23405
0.23749
0.24375
0.19515
0.17457
0.18863
0.24441
0.2594
0.25119
0.24427
0.26132
0.26958
0.27848
0.25805
0.24736
0.24841
0.24649
0.24097
0.23752
0.22928
0.23605
0.24895
0.25714
0.1928
0.17713
0.1692
0.24304
0.26198
0.25013
0.24993
0.25636
0.26739
0.27845
0.26667
0.25022
0.25244
0.25854
0.24732
0.25625
0.25543
0.25803
0.2628
0.26725
0.20687
0.18049
0.18341
0.24829
0.26947
0.25586
0.2585
0.25904
0.27754
0.28155
0.26809
0.25968
0.26464
0.27
0.26063
0.26187
0.26453
0.2611
0.27478
0.29041
0.22568
0.19887
0.21746
0.26002
0.28095
0.25993
0.25038
0.26042
0.28365
0.28649
0.26577
0.26121
0.25843
0.25801
0.26469
0.26235
0.27377
0.26654
0.27884
0.28394
0.23871
0.17371
0.21854
0.25146
0.27602
0.25186
0.25132
0.23618
0.27162
0.27459
0.23902
0.23192
0.25474
0.25741
0.2625
0.26428
0.27437
0.26576
0.26641
0.28031
0.23939
0.17751
0.21451
0.25207
0.26846
0.24258
0.25583
0.25693
0.28865
0.26665
0.22067
0.22125
0.24538
0.26565
0.27486
0.27404
0.27762
0.27818
0.27957
0.28031
0.24153
0.18135
0.21236
0.2729
0.26195
0.246
0.25404
0.25087
0.27897
0.27246
0.23001
0.22707
0.25
0.26512
0.27927
0.27234
0.28191
0.28358
0.2973
0.29927
0.21641
0.20493
0.2271
0.29429
0.28639
0.26679
0.27826
0.27764
0.30137
0.31165
0.29214
0.29078
0.29095
0.29312
0.29326
0.29158
0.29617
0.305
0.30749
0.31884
0.20607
0.21284
0.25361
0.30011
0.29884
0.27812
0.29147
0.28747
0.30978
0.31296
0.31758
0.31717
0.3129
0.30706
0.30974
0.31357
0.31275
0.30689
0.31653
0.31859
0.20587
0.20565
0.25578
0.2984
0.30387
0.29146
0.29798
0.30233
0.31294
0.32935
0.31454
0.3141
0.30623
0.31898
0.3195
0.32017
0.32375
0.32176
0.32625
0.32456
0.20551
0.19006
0.22106
0.26921
0.29939
0.29119
0.30016
0.29684
0.30791
0.32492
0.31292
0.30774
0.3098
0.31086
0.30776
0.30705
0.29763
0.30607
0.31558
0.32246
0.22013
0.18284
0.21028
0.25305
0.2862
0.29617
0.30034
0.30463
0.31273
0.32687
0.31588
0.29751
0.31578
0.30794
0.31018
0.29441
0.28599
0.29667
0.30808
0.32173
0.22576
0.17931
0.22592
0.27111
0.2858
0.28786
0.30333
0.29684
0.31231
0.32084
0.30113
0.29132
0.30188
0.28738
0.28498
0.28155
0.28324
0.30158
0.31727
0.3133
0.22414
0.20168
0.24636
0.28403
0.29582
0.28613
0.28993
0.29745
0.30273
0.31619
0.30132
0.29426
0.30005
0.29052
0.28617
0.28525
0.28551
0.31087
0.31789
0.31566
0.23473
0.20996
0.24132
0.27292
0.28325
0.27094
0.3013
0.31283
0.31163
0.30996
0.29828
0.29918
0.30332
0.29172
0.29485
0.29084
0.30304
0.31242
0.31659
0.31881
0.22713
0.19656
0.2394
0.29161
0.28585
0.27402
0.29304
0.31033
0.31259
0.33037
0.3061
0.30115
0.30064
0.29629
0.30173
0.28479
0.29695
0.30691
0.32268
0.32992
0.18767
0.17362
0.23983
0.29894
0.2927
0.27405
0.29171
0.29779
0.31233
0.31786
0.30839
0.30753
0.2925
0.30635
0.30252
0.30549
0.31681
0.32602
0.33922
0.3489
0.19982
0.19257
0.26035
0.29409
0.2879
0.28178
0.27683
0.28464
0.29833
0.31304
0.29727
0.293
0.29564
0.30729
0.31458
0.31085
0.32272
0.33524
0.33801
0.35235
0.19878
0.18624
0.25094
0.28161
0.28993
0.30117
0.2971
0.30018
0.32213
0.32277
0.30559
0.30259
0.31297
0.31591
0.32945
0.32514
0.34433
0.35779
0.36118
0.36794
0.22068
0.1968
0.21825
0.26238
0.27102
0.24871
0.28217
0.28621
0.30798
0.30435
0.29656
0.29862
0.30397
0.31514
0.32187
0.31899
0.33367
0.35616
0.3423
0.34179
0.21534
0.2012
0.20697
0.25105
0.2467
0.23916
0.28667
0.29344
0.31773
0.31583
0.31387
0.31401
0.30838
0.30774
0.31438
0.32842
0.33642
0.34734
0.34098
0.33251
0.19389
0.16729
0.20257
0.26791
0.28128
0.28413
0.28344
0.30051
0.33382
0.33175
0.33554
0.34315
0.33377
0.33843
0.33984
0.34919
0.35478
0.36277
0.36897
0.35259
0.17111
0.17209
0.19592
0.29023
0.30798
0.30004
0.30302
0.32197
0.33895
0.34215
0.33485
0.34701
0.35489
0.34854
0.35659
0.35883
0.37597
0.3707
0.36895
0.36661
0.17877
0.1545
0.20447
0.2942
0.28831
0.27987
0.29994
0.31989
0.33706
0.34804
0.34923
0.35317
0.35351
0.34622
0.35502
0.35596
0.36949
0.36969
0.36463
0.34976
0.1994
0.17374
0.22297
0.29654
0.31775
0.29451
0.3031
0.32286
0.33463
0.33831
0.33282
0.35168
0.3458
0.34622
0.34274
0.34149
0.34464
0.35364
0.3627
0.3527
0.21695
0.17791
0.23631
0.29591
0.31665
0.30587
0.30333
0.31951
0.32836
0.33385
0.31997
0.32974
0.3452
0.34202
0.34729
0.35779
0.35263
0.3493
0.36031
0.3483
0.21803
0.17702
0.25869
0.31328
0.30876
0.30728
0.31019
0.31589
0.33137
0.34383
0.33381
0.33714
0.34684
0.35467
0.35654
0.35718
0.36081
0.356
0.34853
0.34223
0.19998
0.18179
0.2421
0.31536
0.31747
0.30884
0.31152
0.33048
0.34025
0.35337
0.33329
0.34432
0.35394
0.35154
0.35537
0.35338
0.35849
0.36308
0.3622
0.34731
0.20169
0.1825
0.21949
0.29397
0.30971
0.30644
0.30363
0.32753
0.35145
0.34246
0.3278
0.33158
0.33908
0.34838
0.34811
0.36044
0.36194
0.36268
0.37461
0.37022
0.218
0.19473
0.2465
0.27984
0.28083
0.28006
0.28603
0.3156
0.35367
0.35451
0.34465
0.34572
0.35617
0.37286
0.36593
0.37405
0.37703
0.37487
0.38825
0.38774
0.2111
0.20115
0.25737
0.28134
0.28971
0.28193
0.27616
0.30724
0.35375
0.35033
0.34087
0.3507
0.36119
0.376
0.37383
0.36833
0.37327
0.36658
0.37807
0.38245
0.23028
0.22401
0.2499
0.28562
0.26998
0.28614
0.29724
0.30249
0.3471
0.33836
0.31628
0.33908
0.35098
0.35805
0.35654
0.37203
0.35884
0.36725
0.37665
0.37975
0.24645
0.23609
0.25729
0.2834
0.26111
0.2832
0.29049
0.31019
0.33458
0.34142
0.31771
0.3351
0.33842
0.34871
0.35361
0.36919
0.3637
0.36848
0.3769
0.39005
0.24618
0.2355
0.24943
0.2794
0.28039
0.28827
0.29468
0.31511
0.33289
0.32613
0.31028
0.32613
0.33271
0.343
0.34587
0.35302
0.35701
0.35096
0.35504
0.35488
0.24226
0.23488
0.25936
0.27648
0.27641
0.2812
0.295
0.31815
0.34328
0.32779
0.30931
0.32216
0.32216
0.32964
0.34048
0.34805
0.35306
0.36588
0.36224
0.36628
0.23413
0.24575
0.26555
0.28277
0.28603
0.27884
0.28972
0.30415
0.33696
0.33316
0.32473
0.32941
0.32181
0.33819
0.33298
0.34929
0.36172
0.36616
0.36546
0.36485
0.21976
0.23777
0.25202
0.29252
0.29703
0.28465
0.29447
0.31101
0.32897
0.32715
0.31091
0.33064
0.33308
0.34249
0.35586
0.36313
0.36215
0.37158
0.36378
0.36629
0.22288
0.22373
0.2288
0.28011
0.27584
0.27843
0.29486
0.30067
0.30219
0.30132
0.28443
0.29131
0.29964
0.31291
0.33672
0.3477
0.34174
0.36437
0.35743
0.35821
0.23217
0.20336
0.24805
0.2829
0.28737
0.28688
0.29894
0.29742
0.30126
0.3129
0.29819
0.29297
0.29369
0.31618
0.32975
0.3274
0.32737
0.33643
0.3416
0.33317
0.22579
0.19701
0.23838
0.28187
0.27464
0.27451
0.27504
0.27699
0.30483
0.31216
0.29843
0.30104
0.31929
0.31562
0.30867
0.33071
0.34369
0.34125
0.33534
0.33722
0.207
0.19147
0.24025
0.2767
0.27978
0.26409
0.25311
0.26694
0.29588
0.30534
0.29506
0.29236
0.30192
0.29381
0.28226
0.29628
0.3196
0.32332
0.31881
0.32916
0.19665
0.18035
0.21711
0.25988
0.25119
0.2375
0.24874
0.26101
0.3001
0.30184
0.29653
0.2925
0.30444
0.29112
0.30425
0.30188
0.32221
0.32732
0.32874
0.33716
0.17709
0.1502
0.20207
0.2473
0.22158
0.2063
0.23368
0.2526
0.28534
0.28109
0.27251
0.26852
0.26855
0.26456
0.28327
0.28144
0.31852
0.32048
0.31859
0.32538
0.17998
0.15089
0.19112
0.25012
0.23085
0.23536
0.23146
0.25961
0.29023
0.29268
0.26933
0.26562
0.28155
0.28202
0.29243
0.30158
0.32128
0.32098
0.32577
0.32442
0.15478
0.1571
0.17219
0.23351
0.22357
0.20262
0.22413
0.25484
0.29399
0.27904
0.26429
0.27703
0.29088
0.2815
0.28508
0.30325
0.3176
0.331
0.32933
0.33793
0.1596
0.15422
0.16438
0.22672
0.21208
0.20323
0.20488
0.22836
0.27719
0.23353
0.26191
0.27271
0.27526
0.27852
0.2867
0.29448
0.29214
0.31962
0.30045
0.32655
0.16762
0.15901
0.17809
0.22805
0.21969
0.21213
0.20703
0.22591
0.25735
0.24672
0.2571
0.26194
0.25906
0.27021
0.27868
0.2794
0.28026
0.31378
0.30119
0.32674
0.15331
0.16015
0.18451
0.22788
0.19604
0.2189
0.20924
0.23637
0.26545
0.25196
0.25869
0.26199
0.2578
0.28845
0.2823
0.28252
0.26897
0.28716
0.28028
0.29842
0.16289
0.18161
0.19862
0.22173
0.21862
0.20946
0.20921
0.23145
0.27878
0.26471
0.25976
0.27327
0.26903
0.3054
0.29492
0.29003
0.28211
0.2842
0.30337
0.31837
0.17555
0.18322
0.19515
0.20742
0.22688
0.22457
0.2206
0.24583
0.27767
0.27311
0.25332
0.27604
0.27948
0.29738
0.30585
0.29107
0.29749
0.2835
0.31058
0.31948
0.18661
0.16463
0.18438
0.20857
0.2266
0.23915
0.23472
0.26472
0.28401
0.28473
0.28183
0.28316
0.29769
0.29488
0.30433
0.2996
0.30339
0.29561
0.30028
0.31019
0.15087
0.13202
0.19708
0.23219
0.23698
0.2504
0.24746
0.26156
0.29518
0.28004
0.27149
0.28539
0.27995
0.31224
0.30845
0.30731
0.31494
0.30493
0.30629
0.31084
0.11812
0.13975
0.21168
0.25323
0.23829
0.25383
0.2596
0.26098
0.28155
0.28251
0.27332
0.28419
0.28497
0.29857
0.29623
0.2992
0.31353
0.29671
0.31708
0.30757
0.10065
0.11273
0.19326
0.24335
0.25005
0.24592
0.24291
0.25733
0.27719
0.27996
0.28217
0.28056
0.27888
0.28817
0.29401
0.29827
0.30274
0.30505
0.30746
0.29563
0.10538
0.13839
0.1879
0.24066
0.23927
0.22034
0.24161
0.24545
0.2611
0.25412
0.26933
0.27921
0.26283
0.27006
0.29177
0.28901
0.28511
0.29415
0.28528
0.28852
0.0285
0.14385
0.19788
0.24313
0.22277
0.21835
0.23919
0.23697
0.26077
0.26414
0.26403
0.27578
0.27673
0.2829
0.28474
0.28425
0.30017
0.29772
0.29994
0.2978
0.03671
0.11972
0.2013
0.24558
0.23422
0.22329
0.22956
0.23938
0.26548
0.26603
0.27007
0.28407
0.28
0.28282
0.29168
0.2918
0.29846
0.30318
0.30367
0.2948
0.042551
0.09998
0.19224
0.24564
0.24923
0.23812
0.22745
0.24861
0.2699
0.26931
0.27261
0.27907
0.27446
0.2911
0.28723
0.29884
0.30364
0.30342
0.3059
0.2965
-0.0064809
0.02319
0.13077
0.22131
0.24354
0.23649
0.22798
0.24656
0.26293
0.23953
0.25001
0.26093
0.25662
0.26169
0.2615
0.26343
0.25634
0.25198
0.26431
0.24538
0.035274
0.013029
0.068401
0.17159
0.17705
0.20376
0.20972
0.22767
0.23256
0.22838
0.25171
0.2446
0.25174
0.26616
0.25244
0.25095
0.25543
0.23959
0.25633
0.25206
0.050066
0.028893
0.059842
0.16384
0.15765
0.17536
0.18331
0.20772
0.22934
0.22597
0.23893
0.25043
0.23452
0.2532
0.27148
0.25182
0.26646
0.26407
0.26843
0.24725
-0.047435
-0.078456
-0.041644
0.14772
0.19199
0.20147
0.2049
0.22327
0.24046
0.24207
0.24989
0.24205
0.22763
0.25052
0.27075
0.26261
0.25293
0.24636
0.25328
0.23238
-0.0057608
-0.086473
0.022038
0.18291
0.22214
0.20048
0.18232
0.2037
0.22215
0.23839
0.21969
0.20536
0.21736
0.21962
0.23296
0.22927
0.231
0.21526
0.18073
0.13006
