-0.0019054
0.0054333
0.0073824
0.040266
0.00080588
0.014366
0.023366
0.018906
0.036646
0.039328
0.042262
0.033816
0.030377
0.035
0.029847
0.033675
0.041133
0.024057
0.028343
0.02979
0.0031853
0.0054289
0.0028196
0.036121
0.0069613
0.021832
0.02891
0.03659
0.040336
0.047189
0.038972
0.02849
0.029548
0.027863
0.0318
0.022282
0.022547
0.027125
0.020835
0.021411
-0.0044995
0.0033441
-0.0076176
0.040282
0.024037
0.031196
0.029806
0.044558
0.039666
0.0406
0.028172
0.016679
0.030455
0.018015
0.025387
0.024186
0.020349
0.016455
0.022259
0.02307
0.00011176
0.0044245
0.0057382
0.026431
0.037488
0.036621
0.039006
0.025974
0.042365
0.046202
0.031193
0.030389
0.028872
0.031314
0.033747
0.023299
0.020756
0.017804
0.023896
0.019616
0.011089
-0.00050392
0.01271
0.042385
0.040168
0.037389
0.027787
0.043492
0.054831
0.060517
0.042735
0.03198
0.032804
0.028913
0.031578
0.02739
0.020723
0.020317
0.024191
0.02435
0.007998
0.0050946
0.0027201
0.041438
0.058033
0.040151
0.042459
0.040622
0.046391
0.051085
0.04198
0.028112
0.027992
0.035275
0.021781
0.025249
0.029297
0.031408
0.030105
0.029521
0.012933
0.0069196
0.0043559
0.048261
0.059961
0.045388
0.044284
0.041773
0.048649
0.063033
0.043518
0.038042
0.046134
0.048518
0.039387
0.037451
0.030679
0.029581
0.037066
0.052379
0.034357
0.011368
0.02792
0.056463
0.071649
0.057574
0.045728
0.053672
0.06677
0.068327
0.049274
0.049606
0.045268
0.03649
0.038261
0.035315
0.044285
0.037611
0.048002
0.047199
0.041451
0.012676
0.020011
0.05401
0.075027
0.049491
0.049038
0.041577
0.064842
0.068343
0.043528
0.039132
0.040875
0.040832
0.042397
0.031934
0.044672
0.036231
0.036078
0.039504
0.032627
0.01219
0.016986
0.052839
0.06113
0.033837
0.044823
0.050742
0.061172
0.065774
0.03768
0.037243
0.044766
0.045899
0.049074
0.041868
0.045123
0.039395
0.041682
0.043022
0.035308
0.014635
0.0147
0.06706
0.061602
0.040697
0.054816
0.048008
0.057237
0.06134
0.043532
0.043432
0.04084
0.04702
0.050638
0.039754
0.041206
0.041446
0.054535
0.051733
0.014052
0.01684
0.019217
0.083633
0.068795
0.049625
0.063882
0.054025
0.070902
0.082347
0.066906
0.059365
0.054726
0.061485
0.054061
0.051154
0.050236
0.061602
0.053361
0.063533
0.0099931
0.020973
0.035581
0.079072
0.069001
0.0443
0.065514
0.055126
0.072748
0.077387
0.080924
0.074987
0.067574
0.069147
0.057469
0.056384
0.055494
0.049004
0.055834
0.055169
0.019671
0.01545
0.03648
0.073622
0.070075
0.059569
0.059864
0.067466
0.075125
0.087223
0.077422
0.069739
0.062181
0.07559
0.065267
0.06258
0.058995
0.051633
0.055943
0.05193
0.025996
0.010352
0.021301
0.053567
0.06415
0.065691
0.06728
0.065475
0.073375
0.085408
0.077513
0.064443
0.064778
0.066945
0.060257
0.056951
0.050283
0.050446
0.058463
0.063457
0.033226
0.0062946
0.013542
0.038978
0.051066
0.065184
0.066065
0.070275
0.077014
0.077895
0.077385
0.056404
0.074482
0.063447
0.063376
0.051553
0.040236
0.04447
0.050446
0.059182
0.031928
0.01152
0.021091
0.051819
0.043074
0.04652
0.070073
0.059089
0.067585
0.070762
0.06072
0.047989
0.052105
0.034723
0.040549
0.035508
0.032132
0.041876
0.049134
0.044229
0.02801
0.015481
0.032392
0.067965
0.066034
0.052298
0.052085
0.061469
0.054951
0.068502
0.055274
0.049081
0.048321
0.043599
0.040669
0.035842
0.031094
0.0416
0.043853
0.040087
0.038476
0.017598
0.023193
0.054622
0.049286
0.03979
0.053397
0.071144
0.059561
0.058375
0.05057
0.0514
0.053569
0.042264
0.043567
0.034899
0.039157
0.04861
0.04036
0.050568
0.031357
0.018742
0.022204
0.064569
0.044513
0.039404
0.049557
0.058911
0.05738
0.073165
0.050174
0.045395
0.04516
0.036226
0.040445
0.027862
0.033732
0.029065
0.037248
0.043304
0.017576
0.017094
0.028127
0.074322
0.054874
0.0377
0.056975
0.059206
0.065634
0.070259
0.055937
0.049241
0.036569
0.053088
0.0431
0.045944
0.045115
0.048579
0.056249
0.062042
0.016733
0.015304
0.035733
0.061346
0.049567
0.041192
0.042227
0.0444
0.0477
0.061323
0.049251
0.042549
0.049369
0.050531
0.049407
0.039281
0.046056
0.048909
0.054319
0.05655
0.016893
0.020565
0.033071
0.047276
0.052773
0.060947
0.048074
0.053675
0.063678
0.060943
0.049562
0.041907
0.051401
0.046244
0.057215
0.044272
0.053489
0.063214
0.061466
0.066429
0.023302
0.024455
0.028451
0.045101
0.039379
0.034077
0.052894
0.050049
0.054281
0.052723
0.048119
0.046108
0.04226
0.049133
0.051445
0.043039
0.052713
0.066031
0.048925
0.055788
0.029434
0.021558
0.021063
0.039607
0.023616
0.024095
0.047936
0.048614
0.060429
0.055604
0.056411
0.059869
0.04795
0.050305
0.047929
0.059995
0.058815
0.060344
0.049895
0.041628
0.022203
0.015833
0.021027
0.047641
0.042339
0.042824
0.04628
0.055732
0.069976
0.0652
0.067864
0.079213
0.063539
0.065917
0.058386
0.065425
0.059311
0.065693
0.072129
0.063317
0.021809
0.014132
0.023254
0.061223
0.058699
0.057199
0.055922
0.062874
0.066034
0.064926
0.057284
0.063882
0.072575
0.059133
0.067224
0.067066
0.072049
0.071974
0.071059
0.066201
0.019028
0.017626
0.029053
0.05901
0.036333
0.03664
0.045274
0.056551
0.058836
0.071883
0.067878
0.076798
0.069096
0.058982
0.070654
0.069747
0.07247
0.072157
0.069986
0.050825
0.027472
0.026244
0.025316
0.057581
0.060976
0.04269
0.047358
0.062514
0.062097
0.069996
0.059809
0.071951
0.065703
0.066123
0.057422
0.051676
0.051005
0.052934
0.063486
0.050959
0.029538
0.027709
0.028503
0.053489
0.066881
0.051947
0.041166
0.053612
0.052154
0.060484
0.052204
0.049988
0.061765
0.055317
0.062952
0.067016
0.048915
0.048835
0.056779
0.048845
0.032885
0.027162
0.047037
0.073678
0.0524
0.046259
0.046811
0.052685
0.055325
0.062948
0.049384
0.054954
0.060618
0.059233
0.064859
0.055839
0.054852
0.053851
0.047853
0.048362
0.019729
0.027203
0.03875
0.080325
0.065599
0.050816
0.050963
0.058087
0.069866
0.076501
0.05959
0.064064
0.062602
0.055499
0.061716
0.056075
0.056778
0.064945
0.057642
0.047681
0.024779
0.019438
0.026635
0.06137
0.062836
0.062839
0.04735
0.064692
0.083209
0.067457
0.06059
0.055454
0.05553
0.06619
0.062968
0.06905
0.064828
0.055076
0.073883
0.070592
0.03514
0.022001
0.028474
0.048905
0.045275
0.039604
0.038645
0.053617
0.078617
0.077818
0.067677
0.067025
0.068602
0.072127
0.070086
0.073822
0.075478
0.070713
0.07917
0.090698
0.028427
0.016867
0.027113
0.05523
0.044778
0.043415
0.035188
0.046487
0.081675
0.075038
0.066203
0.068958
0.068336
0.08757
0.086331
0.071546
0.076767
0.064988
0.067901
0.068439
0.032021
0.021179
0.034516
0.054453
0.038425
0.046333
0.051963
0.049425
0.074796
0.072332
0.05814
0.060558
0.069629
0.069084
0.07436
0.080856
0.069554
0.075982
0.076454
0.071548
0.034485
0.035168
0.045934
0.057756
0.028711
0.036401
0.039161
0.057155
0.072732
0.076695
0.0558
0.063748
0.059904
0.072637
0.06025
0.073119
0.066226
0.072197
0.076747
0.086803
0.044875
0.028231
0.035376
0.063179
0.058015
0.046074
0.056142
0.063185
0.060301
0.067965
0.049867
0.052864
0.056678
0.059067
0.056452
0.06549
0.066564
0.061507
0.058937
0.053716
0.039099
0.028075
0.047189
0.054988
0.044112
0.040577
0.052173
0.069508
0.082674
0.068837
0.050254
0.05895
0.059611
0.058784
0.059711
0.06713
0.072841
0.06951
0.068478
0.0679
0.032666
0.040746
0.053851
0.062601
0.041353
0.041302
0.044934
0.054893
0.082557
0.072704
0.064395
0.065481
0.055114
0.061293
0.055074
0.066307
0.07065
0.069729
0.064866
0.068461
0.02792
0.029095
0.044769
0.078855
0.064525
0.055513
0.056867
0.063356
0.066202
0.063481
0.053075
0.066682
0.064244
0.071288
0.073532
0.074699
0.067843
0.080615
0.06246
0.068214
0.030308
0.024564
0.023753
0.054483
0.050118
0.0487
0.056518
0.056591
0.05085
0.05021
0.04
0.047975
0.043745
0.049211
0.051809
0.067683
0.050745
0.068766
0.061547
0.075118
0.03514
0.018187
0.034001
0.063167
0.059668
0.048618
0.055908
0.051942
0.051069
0.065787
0.043116
0.038839
0.038175
0.048876
0.049055
0.047091
0.041578
0.046287
0.055108
0.047363
0.030294
0.015595
0.027606
0.068199
0.046033
0.044471
0.044241
0.039665
0.054233
0.064527
0.044942
0.046594
0.059343
0.051062
0.04374
0.058504
0.054574
0.047682
0.047925
0.053621
0.021089
0.014191
0.033245
0.079849
0.055506
0.03484
0.030911
0.034455
0.046215
0.05872
0.045942
0.04086
0.036512
0.03127
0.020549
0.028667
0.037206
0.034233
0.035742
0.043937
0.019081
0.012856
0.022259
0.050065
0.046662
0.031405
0.033625
0.0336
0.056783
0.055425
0.046963
0.042291
0.044985
0.036062
0.037057
0.039374
0.0504
0.048417
0.048126
0.055334
0.014554
0.00765
0.022348
0.03902
0.027583
0.026137
0.026242
0.023635
0.047048
0.040304
0.037372
0.03567
0.03371
0.027094
0.033408
0.025865
0.042184
0.041863
0.037761
0.05574
0.0074784
0.010734
0.015529
0.054438
0.02603
0.032043
0.02312
0.031398
0.048655
0.046844
0.034586
0.027011
0.030269
0.025227
0.027922
0.030389
0.045081
0.037076
0.0386
0.038319
0.0024667
0.0097377
0.014237
0.047172
0.030988
0.018128
0.02506
0.037407
0.055515
0.042238
0.029303
0.043128
0.044581
0.034052
0.034642
0.048194
0.056047
0.059089
0.048128
0.063714
0.0029775
0.0099657
0.0077402
0.022543
0.017568
0.01223
0.013249
0.019951
0.037977
0.020175
0.034021
0.033111
0.035671
0.028938
0.032153
0.03481
0.035168
0.053052
0.031976
0.050434
0.0018804
0.0035608
0.0090657
0.033946
0.022825
0.015985
0.018144
0.021849
0.036487
0.025074
0.033755
0.035206
0.033123
0.034703
0.034194
0.028421
0.028019
0.044796
0.034779
0.051156
0.0023667
0.0044784
0.010851
0.031167
0.012797
0.02326
0.01704
0.02607
0.043148
0.036438
0.036529
0.034938
0.030426
0.051449
0.044812
0.044298
0.029201
0.039558
0.03522
0.038933
0.00034118
0.004048
0.013956
0.025689
0.016637
0.016241
0.01703
0.027653
0.053891
0.045726
0.034572
0.03956
0.029466
0.052692
0.044482
0.044853
0.036086
0.030869
0.046381
0.054621
0.0030559
0.0057216
0.016515
0.012625
0.016344
0.022206
0.019364
0.031487
0.036554
0.046131
0.024376
0.033079
0.028597
0.037724
0.044902
0.037863
0.038803
0.021493
0.048909
0.052348
0.0076284
0.0010265
0.010517
0.014842
0.018172
0.03371
0.021761
0.044293
0.045035
0.047944
0.045667
0.042793
0.053063
0.03885
0.048647
0.04132
0.046417
0.038249
0.045418
0.057773
0.0060549
-0.0029882
0.012253
0.024828
0.027748
0.037795
0.031271
0.044486
0.057119
0.049121
0.03777
0.04745
0.035186
0.058409
0.057302
0.04715
0.055101
0.050784
0.050301
0.049281
-0.0014892
-0.0020544
0.018253
0.046686
0.026216
0.045228
0.039389
0.044671
0.050842
0.046525
0.040625
0.043761
0.038126
0.045098
0.040796
0.041176
0.052099
0.042802
0.062975
0.053347
-0.0014647
-0.0023534
0.0069157
0.044039
0.038962
0.040378
0.032243
0.04306
0.054378
0.05884
0.058238
0.047103
0.049079
0.043592
0.051217
0.05226
0.055506
0.055276
0.056273
0.042475
-0.0023814
-0.0045598
0.0037696
0.031227
0.027732
0.014902
0.032363
0.044367
0.043277
0.034094
0.040281
0.049788
0.028363
0.03334
0.043839
0.045982
0.035507
0.048301
0.033297
0.037134
-0.011945
-0.0015078
0.012468
0.047358
0.018915
0.022145
0.042224
0.034081
0.051472
0.04862
0.039776
0.050414
0.043957
0.046952
0.045307
0.041694
0.058096
0.042325
0.049839
0.040434
-0.016825
-0.011817
0.016829
0.050077
0.031239
0.024507
0.032905
0.030959
0.046868
0.040984
0.047282
0.059109
0.049424
0.044583
0.049217
0.04638
0.043181
0.0503
0.045166
0.036138
-0.01953
-0.012565
0.0049539
0.05004
0.056746
0.035798
0.025315
0.0353
0.053859
0.049587
0.048335
0.051895
0.04786
0.060723
0.045103
0.065369
0.056941
0.062685
0.063141
0.056053
-0.01853
-0.017698
-0.0078127
0.03675
0.054788
0.032115
0.01587
0.028111
0.044697
0.021587
0.024724
0.034924
0.025234
0.030113
0.024095
0.022069
0.023224
0.030343
0.026342
0.023741
-0.013273
-0.021535
-0.019869
0.0038956
0.012131
0.021888
0.016445
0.029239
0.025544
0.019324
0.034481
0.022171
0.026591
0.042429
0.030242
0.025896
0.027795
0.016718
0.023768
0.021332
-0.01571
-0.015625
-0.017526
-0.0015451
-0.0044588
-0.0054824
-0.0027799
0.010965
0.026191
0.016181
0.025962
0.042531
0.020248
0.029041
0.039682
0.019925
0.035641
0.029895
0.042828
0.020735
-0.020714
-0.027264
-0.025765
-0.0037103
0.0093873
0.0061015
0.0048368
0.014921
0.027023
0.02787
0.036888
0.02753
0.011593
0.02804
0.04902
0.038011
0.029775
0.017962
0.017627
0.016967
-0.020655
-0.028576
-0.025743
0.0070181
0.030138
0.006625
-0.0087206
0.003448
0.016014
0.026777
0.011104
0.0065853
0.0066039
0.011141
0.023416
0.016473
0.02124
0.016118
0.013988
0.013077
