0.019829
0.040732
0.032803
0.090014
0.05072
0.071608
0.079479
0.072069
0.093543
0.10292
0.10331
0.092964
0.099411
0.095875
0.092883
0.10158
0.11063
0.097957
0.098664
0.09781
0.034129
0.045942
0.033051
0.088125
0.056184
0.085014
0.094709
0.10121
0.10415
0.11429
0.10821
0.099669
0.10393
0.10671
0.107
0.10252
0.10079
0.10713
0.098346
0.102
0.024353
0.040877
0.018329
0.092579
0.088098
0.10052
0.099328
0.11162
0.11017
0.11765
0.10464
0.091916
0.11009
0.10284
0.11243
0.10788
0.096251
0.098219
0.10207
0.10719
0.040111
0.042726
0.026069
0.075388
0.10474
0.11251
0.10968
0.10202
0.11795
0.12126
0.10437
0.10732
0.10839
0.11316
0.10742
0.11026
0.10669
0.10759
0.11275
0.11196
0.062228
0.048269
0.052819
0.098408
0.11802
0.11677
0.10678
0.1236
0.13082
0.14048
0.12328
0.11559
0.12208
0.11584
0.11399
0.11223
0.105
0.1022
0.1108
0.11185
0.055253
0.052382
0.033649
0.098228
0.13444
0.12283
0.1229
0.12558
0.13251
0.13969
0.13511
0.1197
0.12485
0.13267
0.11735
0.12427
0.12773
0.12815
0.12416
0.13127
0.069858
0.060165
0.044462
0.10863
0.14034
0.12948
0.13643
0.12635
0.13614
0.14999
0.13346
0.13607
0.13335
0.14295
0.13387
0.13483
0.13572
0.13252
0.13951
0.1464
0.096905
0.074759
0.092757
0.13074
0.15317
0.14425
0.13361
0.13854
0.15655
0.1602
0.14238
0.14653
0.14532
0.1417
0.14173
0.13716
0.14935
0.1404
0.1493
0.14854
0.11532
0.073861
0.088851
0.12832
0.15933
0.14254
0.13897
0.13274
0.15269
0.15901
0.14355
0.14085
0.14001
0.1468
0.15235
0.14144
0.15127
0.14128
0.14404
0.14833
0.10876
0.072334
0.086697
0.13217
0.15636
0.12968
0.14198
0.14499
0.164
0.16354
0.13559
0.13575
0.14595
0.15294
0.15711
0.15193
0.15527
0.15485
0.14953
0.14949
0.11605
0.076698
0.079279
0.14545
0.15166
0.13847
0.15429
0.15083
0.16236
0.16651
0.14116
0.14886
0.15226
0.1616
0.16591
0.16073
0.16657
0.1612
0.16913
0.16253
0.094841
0.085551
0.094476
0.16561
0.169
0.15079
0.15792
0.15599
0.16923
0.17923
0.17169
0.16713
0.16481
0.17164
0.16725
0.16255
0.16686
0.17277
0.17481
0.17926
0.087152
0.088973
0.12294
0.16868
0.17311
0.15349
0.17045
0.16762
0.18088
0.18756
0.18754
0.18568
0.18283
0.1812
0.18369
0.18288
0.18178
0.17784
0.18088
0.17987
0.093603
0.091953
0.13184
0.16996
0.1794
0.17131
0.17326
0.18113
0.18564
0.19379
0.19343
0.19061
0.18499
0.19377
0.18898
0.19033
0.18914
0.18634
0.18862
0.18644
0.10131
0.076889
0.11031
0.14759
0.17733
0.17299
0.18039
0.17827
0.18077
0.19297
0.19105
0.18437
0.18901
0.18827
0.18905
0.18232
0.17843
0.17942
0.18614
0.19072
0.11574
0.07323
0.095584
0.12703
0.16578
0.17932
0.18228
0.18805
0.19185
0.19783
0.19527
0.17851
0.19704
0.18949
0.19322
0.18558
0.1704
0.17711
0.18142
0.19185
0.12354
0.077399
0.10842
0.14105
0.16736
0.16885
0.1858
0.18325
0.19042
0.19757
0.18808
0.17768
0.18736
0.17126
0.17211
0.16985
0.1613
0.18282
0.19133
0.18276
0.11255
0.09651
0.13594
0.15931
0.18359
0.16896
0.17301
0.18008
0.18328
0.19329
0.18253
0.1784
0.18688
0.18017
0.17916
0.17103
0.15713
0.17921
0.18472
0.18525
0.12859
0.1026
0.1245
0.14124
0.16294
0.15618
0.17686
0.19567
0.18651
0.19035
0.18704
0.18766
0.18745
0.17685
0.18175
0.17001
0.1836
0.19386
0.18925
0.19289
0.12667
0.095843
0.1173
0.16765
0.16325
0.15179
0.17377
0.18306
0.191
0.20457
0.18788
0.18137
0.18646
0.17457
0.17926
0.15467
0.16866
0.16848
0.1832
0.1865
0.087198
0.083519
0.11673
0.17829
0.17112
0.15665
0.18695
0.18947
0.19298
0.20101
0.19757
0.19032
0.17508
0.19369
0.18644
0.18888
0.19365
0.19574
0.20745
0.21019
0.087554
0.088269
0.13849
0.16836
0.16442
0.16427
0.16136
0.17058
0.17783
0.19403
0.18631
0.18006
0.18979
0.20124
0.20413
0.19026
0.20081
0.20324
0.20892
0.21048
0.088722
0.095206
0.1429
0.14924
0.17078
0.18681
0.17518
0.18083
0.19815
0.20754
0.2003
0.18484
0.19779
0.19609
0.20971
0.20194
0.21145
0.21774
0.21814
0.22491
0.10861
0.10378
0.12477
0.14065
0.1475
0.13154
0.16451
0.17265
0.18717
0.18806
0.18867
0.18542
0.18702
0.1982
0.20525
0.19816
0.21164
0.22343
0.20644
0.21319
0.11684
0.10005
0.11373
0.14406
0.12429
0.11471
0.17119
0.18581
0.20314
0.20044
0.19797
0.20472
0.19252
0.19982
0.19735
0.21049
0.21135
0.22149
0.21221
0.20432
0.10403
0.089287
0.11648
0.15646
0.16706
0.16496
0.18279
0.19251
0.21241
0.21448
0.21926
0.22691
0.22242
0.22416
0.21989
0.22892
0.21798
0.22692
0.23048
0.21836
0.09716
0.080976
0.10739
0.16951
0.18422
0.18229
0.19139
0.1988
0.2145
0.21898
0.21053
0.22182
0.23019
0.21958
0.22285
0.22618
0.23078
0.23755
0.23619
0.23037
0.094938
0.087034
0.10908
0.16591
0.16727
0.1588
0.17952
0.19841
0.21258
0.22243
0.21891
0.22589
0.2269
0.21837
0.22488
0.22788
0.23448
0.23306
0.23123
0.21048
0.10762
0.10074
0.10872
0.16669
0.19353
0.17096
0.18152
0.19969
0.21155
0.21911
0.21587
0.22683
0.2239
0.22195
0.21998
0.21536
0.21062
0.21521
0.22567
0.20876
0.11608
0.10995
0.10709
0.17134
0.19822
0.18389
0.17961
0.19708
0.20316
0.21189
0.20461
0.20835
0.21679
0.21634
0.22272
0.22728
0.21158
0.21484
0.21784
0.21011
0.12864
0.10956
0.13319
0.19145
0.18584
0.18114
0.18419
0.19176
0.20492
0.2242
0.20953
0.21332
0.22317
0.22343
0.22624
0.21481
0.21765
0.21423
0.20654
0.20728
0.1007
0.1064
0.12902
0.19469
0.20387
0.19035
0.19053
0.20352
0.20935
0.22673
0.21406
0.22225
0.22249
0.216
0.22426
0.22078
0.22334
0.22513
0.22005
0.20679
0.10968
0.10205
0.10536
0.17361
0.19738
0.199
0.18877
0.2046
0.22761
0.21915
0.2105
0.20496
0.21439
0.22246
0.22151
0.2288
0.23116
0.21825
0.23497
0.23147
0.12198
0.1031
0.11159
0.16423
0.17219
0.16406
0.17896
0.19951
0.22733
0.22736
0.22234
0.21942
0.22861
0.23184
0.23188
0.2366
0.23567
0.23192
0.24425
0.2471
0.10879
0.091336
0.11865
0.16734
0.16983
0.17074
0.16116
0.18925
0.22637
0.22665
0.21884
0.22678
0.22903
0.24635
0.24183
0.23802
0.23809
0.23092
0.23289
0.23735
0.11606
0.10781
0.12682
0.16761
0.15574
0.18097
0.18593
0.18774
0.21851
0.22352
0.20671
0.21116
0.22577
0.22554
0.22756
0.23758
0.22982
0.23732
0.23957
0.2351
0.13154
0.12809
0.14282
0.17419
0.14078
0.1688
0.17027
0.19458
0.21486
0.22306
0.20476
0.218
0.21963
0.22835
0.21695
0.2368
0.23007
0.2328
0.2413
0.24714
0.14569
0.12636
0.13195
0.16913
0.17867
0.18032
0.1921
0.20036
0.20754
0.2183
0.19841
0.20706
0.21272
0.21954
0.21288
0.22421
0.22504
0.22534
0.22469
0.2223
0.13834
0.12476
0.14686
0.16303
0.16236
0.16923
0.19069
0.20622
0.22293
0.22244
0.20034
0.21598
0.21579
0.21883
0.22157
0.22627
0.23179
0.23341
0.23088
0.23041
0.12343
0.13897
0.15338
0.16646
0.17158
0.17351
0.18016
0.18882
0.22468
0.2226
0.21397
0.21991
0.20775
0.22144
0.21201
0.22631
0.23396
0.23321
0.2331
0.22981
0.11735
0.12788
0.13365
0.18812
0.18415
0.17699
0.18633
0.1978
0.21119
0.21511
0.20019
0.2209
0.21608
0.22416
0.2323
0.23277
0.22977
0.23882
0.22438
0.22823
0.12175
0.11393
0.10284
0.15767
0.1635
0.16273
0.18226
0.19241
0.18563
0.18134
0.1665
0.17506
0.18418
0.18924
0.21081
0.22328
0.21442
0.2325
0.22418
0.23499
0.13043
0.090695
0.12151
0.17317
0.18234
0.17427
0.18501
0.18419
0.18847
0.20995
0.18158
0.18064
0.17675
0.20092
0.20349
0.20698
0.1957
0.2001
0.21293
0.20603
0.12717
0.086976
0.1186
0.17697
0.17244
0.16585
0.17114
0.16954
0.19134
0.20028
0.18957
0.19356
0.20638
0.20301
0.1938
0.21267
0.21797
0.20868
0.21205
0.21193
0.11247
0.092652
0.12648
0.18121
0.17049
0.16568
0.14584
0.15297
0.18581
0.19941
0.18827
0.17824
0.18436
0.17461
0.14744
0.17463
0.19627
0.18499
0.19213
0.2014
0.10663
0.084231
0.10226
0.14799
0.14592
0.13031
0.14936
0.15558
0.18773
0.19837
0.18841
0.18916
0.19563
0.18035
0.18057
0.18648
0.19973
0.2041
0.20368
0.21127
0.09424
0.068106
0.094065
0.1352
0.11793
0.10885
0.13828
0.13668
0.18456
0.17832
0.17699
0.17001
0.16578
0.15265
0.17495
0.1642
0.19224
0.19507
0.19116
0.20686
0.078163
0.073245
0.089818
0.15025
0.12419
0.13724
0.1343
0.15791
0.18251
0.18292
0.16314
0.15364
0.16507
0.15349
0.1777
0.17827
0.19583
0.1923
0.19512
0.18988
0.057833
0.070794
0.079662
0.13568
0.12732
0.10758
0.13531
0.15594
0.18563
0.18169
0.16251
0.17272
0.18754
0.17449
0.1716
0.19268
0.1947
0.20593
0.19944
0.21218
0.059211
0.071121
0.073396
0.11311
0.11454
0.094702
0.098567
0.12175
0.17272
0.12946
0.16454
0.16068
0.17427
0.16174
0.17357
0.17981
0.17197
0.19971
0.17597
0.19798
0.068662
0.075006
0.076426
0.12079
0.1202
0.10555
0.11009
0.13173
0.16333
0.14354
0.15586
0.1611
0.15648
0.16071
0.16442
0.16907
0.16518
0.19326
0.18679
0.19813
0.067897
0.071311
0.088313
0.12237
0.092351
0.12556
0.11572
0.13188
0.16205
0.15439
0.16088
0.16139
0.15611
0.17982
0.17765
0.18042
0.15929
0.1767
0.16775
0.17314
0.06601
0.080892
0.088286
0.11644
0.094574
0.10751
0.10817
0.12412
0.16621
0.16461
0.15607
0.16445
0.15207
0.18536
0.17709
0.17127
0.16997
0.16477
0.18278
0.18741
0.07565
0.072191
0.085788
0.087455
0.1083
0.12137
0.11112
0.13889
0.14753
0.16187
0.13441
0.15441
0.1536
0.17
0.17649
0.16429
0.16922
0.14657
0.17656
0.18431
0.081643
0.051639
0.069469
0.087908
0.094449
0.13326
0.11679
0.14784
0.15421
0.1608
0.1609
0.16205
0.17897
0.15942
0.17421
0.1727
0.17185
0.16656
0.17167
0.17937
0.065773
0.02996
0.079126
0.11395
0.11255
0.1346
0.12758
0.14371
0.16238
0.15427
0.15116
0.16394
0.15107
0.17369
0.17698
0.16974
0.17363
0.1704
0.17541
0.1688
0.033944
0.033691
0.079914
0.13063
0.11672
0.13999
0.1366
0.14705
0.15492
0.156
0.15423
0.15919
0.15187
0.16422
0.15882
0.16341
0.17034
0.16144
0.17765
0.17598
0.026961
0.027634
0.059945
0.12405
0.12665
0.13334
0.12748
0.14099
0.15424
0.16055
0.16129
0.15948
0.16176
0.16011
0.16288
0.16749
0.16699
0.17053
0.17196
0.15618
0.02439
0.028442
0.053037
0.1088
0.11882
0.10106
0.12494
0.13682
0.14209
0.13199
0.13929
0.15713
0.13887
0.14322
0.15635
0.15645
0.14603
0.16255
0.15322
0.15114
-0.0012186
0.038375
0.060815
0.11424
0.10176
0.10325
0.12863
0.12302
0.13876
0.14524
0.14325
0.15023
0.14556
0.15337
0.15004
0.1501
0.15816
0.15251
0.15885
0.15004
-0.0064877
0.014247
0.058853
0.11265
0.1158
0.10569
0.11212
0.11747
0.13615
0.1332
0.14141
0.15362
0.14381
0.14692
0.15238
0.14851
0.1477
0.15451
0.15046
0.14479
-0.01051
0.0029142
0.049047
0.11312
0.13024
0.11064
0.1022
0.11505
0.13688
0.13874
0.13732
0.14448
0.13769
0.15748
0.14431
0.16001
0.15874
0.15834
0.15739
0.15151
-0.015103
-0.01748
0.0079794
0.086276
0.1188
0.1111
0.095606
0.10954
0.12672
0.10786
0.11545
0.1277
0.1241
0.12893
0.12493
0.12598
0.12344
0.11691
0.11767
0.11077
0.0056108
-0.022213
-0.018167
0.037298
0.05916
0.08591
0.088942
0.10318
0.11174
0.10595
0.12349
0.11214
0.11734
0.12887
0.11898
0.11339
0.11973
0.095184
0.10794
0.10364
0.0024819
-0.011864
-0.0088618
0.031343
0.029774
0.03307
0.042456
0.069204
0.098561
0.098274
0.11035
0.12233
0.10661
0.10893
0.12841
0.10561
0.11954
0.11551
0.12409
0.10334
-0.029459
-0.036622
-0.028673
0.018343
0.048806
0.064647
0.062615
0.083288
0.10058
0.10317
0.11397
0.10801
0.089054
0.10898
0.1311
0.12383
0.11479
0.093354
0.097618
0.086524
-0.020159
-0.046975
-0.023952
0.044963
0.082033
0.064659
0.038248
0.066808
0.088168
0.10613
0.084456
0.069862
0.083331
0.086745
0.10087
0.092412
0.099514
0.083613
0.076978
0.064322
